0, 7379, 1.0429981391308671
1, 7477, 0.8958296891996416
2, 7470, 0.7154916322837441
3, 7432, 0.5925130212711076
4, 7490, 0.5044068769883301
5, 7523, 0.43878365750029935
6, 7504, 0.3891592806173583
7, 7416, 0.34436878764023215
8, 7454, 0.3105937265238519
9, 7354, 0.2802572698663857
10, 7442, 0.24797376661987627
11, 7446, 0.22869739795135238
12, 7499, 0.20608203870765232
13, 7475, 0.19142271830873975
14, 7294, 0.17254098896252906
15, 7452, 0.15942165798554986
16, 7482, 0.15035056802680938
17, 7469, 0.13910991761644007
18, 7356, 0.13372118872101024
19, 7516, 0.1231931605834072
20, 7527, 0.11278495811304803
21, 7471, 0.10574207499118174
22, 7550, 0.10129752540487354
23, 7447, 0.09696937099856845
24, 7464, 0.09204392015176305
25, 7450, 0.09016422883181249
26, 7443, 0.08522585046998525
27, 7515, 0.08264611162624116
28, 7619, 0.07921877288717334
29, 7514, 0.07731688849754252
30, 7548, 0.07383761507601051
31, 7479, 0.0749763920989457
32, 7570, 0.07180749222094503
33, 7576, 0.07119657410187004
34, 7547, 0.07143052869200649
35, 7434, 0.06732573241771117
36, 7430, 0.06542432189459285
37, 7510, 0.06632253636888544
38, 7493, 0.06508680987857278
39, 7482, 0.06614723610296894
40, 7428, 0.0601259569151493
41, 7397, 0.06251160687871721
42, 7579, 0.05905528754089998
43, 7515, 0.0613335079465709
44, 7266, 0.05880104209973344
45, 7410, 0.05902898875290542
46, 7389, 0.05970281688949389
47, 7480, 0.057910751625605286
48, 7470, 0.05697204449498701
49, 7463, 0.057752559364816256
50, 7396, 0.05702355147388786
51, 7536, 0.0545749784266742
52, 7379, 0.05654341682805445
53, 7370, 0.057848311870597156
54, 7321, 0.05515659699058454
55, 7385, 0.05285874733338039
56, 7419, 0.052883589817241776
57, 7446, 0.051868443179706764
58, 7510, 0.052389947638334704
59, 7630, 0.05150277659465113
60, 7499, 0.051425684979098024
61, 7528, 0.05104401238178177
62, 7355, 0.05101373929119067
63, 7355, 0.04988294938508867
64, 7454, 0.049821321821060104
65, 7430, 0.04830122638237012
66, 7483, 0.04909319993766145
67, 7457, 0.048915926074201525
68, 7420, 0.04907762139467147
69, 7426, 0.04713429021678072
70, 7449, 0.04918263063663353
71, 7577, 0.04809531489355153
72, 7447, 0.046208789502152126
73, 7391, 0.04889617879548204
74, 7319, 0.04690844032527094
75, 7377, 0.04682095249072107
76, 7502, 0.045911883137737176
77, 7554, 0.04808661606934148
78, 7300, 0.04665839708885937
79, 7398, 0.04667605024117414
80, 7422, 0.04459063980387961
81, 7429, 0.044662885709685594
82, 7487, 0.045549110404270544
83, 7516, 0.04610896349017137
84, 7354, 0.04385425825385796
85, 7617, 0.045153814947389063
86, 7430, 0.044229880331326916
87, 7473, 0.044658264740590974
88, 7602, 0.04461461171150281
89, 7489, 0.0440839669169488
90, 7536, 0.04376754897853329
91, 7404, 0.04400620386818439
92, 7612, 0.042950383922136855
93, 7453, 0.04416363603162435
94, 7253, 0.042520606884639704
95, 7573, 0.04350543697121526
96, 7464, 0.046120692705719876
97, 7459, 0.043536905970085894
98, 7379, 0.04437471662891582
99, 7481, 0.042896934294461286
100, 7683, 0.04234936395313102
101, 7414, 0.042848401758532384
102, 7403, 0.04553664860069698
103, 7579, 0.04222789118811274
104, 7450, 0.0419826211090752
105, 7423, 0.04278697336280509
106, 7403, 0.042940707494679584
107, 7416, 0.04224363145865481
108, 7460, 0.04299032434421785
109, 7553, 0.041916532923877106
110, 7401, 0.04160490170095771
111, 7487, 0.04131903097460149
112, 7374, 0.040785403020199625
113, 7553, 0.04204562802529019
114, 7593, 0.042655936448966904
115, 7531, 0.04223637344630756
116, 7511, 0.040553050282674245
117, 7422, 0.042549402898259425
118, 7485, 0.04228030160994477
119, 7349, 0.042141001308459464
120, 7517, 0.0401847018670084
121, 7515, 0.041067243575946204
122, 7510, 0.0412634321015993
123, 7410, 0.04025364412447382
124, 7519, 0.040886079883611384
125, 7479, 0.041914958623233516
126, 7517, 0.04124375925010038
127, 7325, 0.04044975721284037
128, 7552, 0.041368713976264175
129, 7532, 0.04239230486457573
130, 7449, 0.04212090354609835
131, 7535, 0.04042587427488416
132, 7459, 0.04151520857497269
133, 7398, 0.04030625419619538
134, 7451, 0.03879703064594985
135, 7485, 0.041806154521195855
136, 7501, 0.04017860120882952
137, 7371, 0.0418857487682434
138, 7401, 0.041565965448362316
139, 7464, 0.040282846128305454
140, 7397, 0.0409984848413481
141, 7515, 0.040236107037922714
142, 7436, 0.03934955363804101
143, 7416, 0.04075114946530019
144, 7366, 0.04015750881923314
145, 7399, 0.04044403918000129
146, 7531, 0.03976802881458943
147, 7397, 0.03850209246500675
148, 7458, 0.04024129145094679
149, 7514, 0.04135244057005473
0, 7511, 1.0499354621111336
1, 7405, 0.8605238446744822
2, 7522, 0.6997231719857555
3, 7368, 0.5942630439491595
4, 7468, 0.5127553836268893
5, 7443, 0.450888930488441
6, 7452, 0.3992039897179199
7, 7628, 0.35579008015535646
8, 7476, 0.31926832966885327
9, 7543, 0.2863209583496643
10, 7366, 0.25678721550157513
11, 7413, 0.2310068232275672
12, 7454, 0.20814507846104896
13, 7459, 0.19191890134144637
14, 7412, 0.17595166473065393
15, 7397, 0.1601568234421439
16, 7520, 0.1492321472299301
17, 7458, 0.13619972045643855
18, 7352, 0.12652694440241588
19, 7465, 0.11801301574302932
20, 7460, 0.1115896328020904
21, 7475, 0.10582224102848667
22, 7408, 0.10193662762136782
23, 7503, 0.09534543626389261
24, 7339, 0.09172853814848399
25, 7526, 0.08934365528619896
26, 7375, 0.08283974899578903
27, 7405, 0.08338304021853511
28, 7517, 0.08044602573549343
29, 7616, 0.07726817792755063
30, 7485, 0.07516250276338246
31, 7401, 0.0746891669077908
32, 7585, 0.07306342159224576
33, 7271, 0.07302959477864783
34, 7391, 0.06811638391682015
35, 7355, 0.06869935332293074
36, 7518, 0.06695455409494862
37, 7416, 0.06544955688108561
38, 7353, 0.06250175409205148
39, 7447, 0.06250178611513725
40, 7539, 0.06316702486924473
41, 7608, 0.06247533441842322
42, 7456, 0.061056773373875654
43, 7509, 0.06031489285654123
44, 7422, 0.05900180724353307
45, 7559, 0.05804338118461819
46, 7507, 0.05704422338018525
47, 7435, 0.056420223904309785
48, 7415, 0.05637001675596913
49, 7439, 0.05737298537371552
50, 7336, 0.058701181500888114
51, 7484, 0.056789203856263175
52, 7570, 0.05578189375123904
53, 7431, 0.05413292902274597
54, 7468, 0.05602977432120376
55, 7524, 0.055253718365667635
56, 7531, 0.05436918969727838
57, 7390, 0.05152163782817197
58, 7345, 0.051830690299139615
59, 7436, 0.05174755897265999
60, 7591, 0.052428162906297614
61, 7481, 0.05103471314974033
62, 7506, 0.050467879869354366
63, 7435, 0.05030569687822098
64, 7497, 0.0505925613537627
65, 7368, 0.04995353758969727
66, 7457, 0.04962530070554181
67, 7361, 0.05154057943129112
68, 7463, 0.04755620148543709
69, 7457, 0.04850860709316845
70, 7587, 0.0482038636272699
71, 7546, 0.047007095665117904
72, 7436, 0.04979430279216787
73, 7409, 0.048194100631404384
74, 7592, 0.04772990403605136
75, 7441, 0.04620212553080116
76, 7382, 0.04590072733143487
77, 7587, 0.04805073949669463
78, 7560, 0.04583834905018058
79, 7556, 0.04624853525888179
80, 7426, 0.04543939876213422
81, 7452, 0.04682898961842666
82, 7561, 0.04553674151636321
83, 7622, 0.04555453150378994
84, 7422, 0.04649640694995104
85, 7429, 0.04403130706609802
86, 7426, 0.04482227653922125
87, 7576, 0.0444110765062427
88, 7405, 0.04428790750487106
89, 7634, 0.04547227189153452
90, 7688, 0.043861256865684865
91, 7532, 0.044490958336282166
92, 7291, 0.04843164545594705
93, 7469, 0.045981186088909005
94, 7486, 0.043399871176235505
95, 7426, 0.04501695523663148
96, 7490, 0.04278085902528026
97, 7587, 0.044228987515532475
98, 7457, 0.044394012755726193
99, 7561, 0.04295898742358673
100, 7577, 0.042592456954049215
101, 7397, 0.04301041879413523
102, 7422, 0.042333772689832225
103, 7520, 0.04308865549428871
104, 7511, 0.04218398508512858
105, 7502, 0.043197152209855066
106, 7594, 0.043671339493813195
107, 7525, 0.043955493997421324
108, 7564, 0.04265505711714595
109, 7570, 0.04298422793270647
110, 7582, 0.0422373399296849
111, 7502, 0.04179318603287586
112, 7486, 0.041140801208287954
113, 7568, 0.042975738066426725
114, 7471, 0.04167021243335522
115, 7548, 0.04146661462224491
116, 7496, 0.04079324987710951
117, 7473, 0.04123746020203035
118, 7286, 0.04167511439906023
119, 7514, 0.04309243981501393
120, 7446, 0.04023046938162109
121, 7506, 0.041543614553895276
122, 7361, 0.04236819473335576
123, 7500, 0.042577683097700124
124, 7498, 0.04063695804343935
125, 7576, 0.041033418352994365
126, 7431, 0.04147588067823381
127, 7489, 0.04160346911417616
128, 7492, 0.040044221958560576
129, 7524, 0.04088524308535607
130, 7439, 0.04112347865621249
131, 7435, 0.04103757080227544
132, 7468, 0.04014257830873949
133, 7459, 0.040877924850354776
134, 7426, 0.0390197589385083
135, 7366, 0.040153550745018765
136, 7519, 0.039865940625093486
137, 7437, 0.04055419050567336
138, 7437, 0.04249890637620387
139, 7473, 0.04089480031472724
140, 7416, 0.0409607192282902
141, 7560, 0.040116717817276444
142, 7318, 0.04112970037957419
143, 7392, 0.039075011201814544
144, 7485, 0.04026038826577592
145, 7365, 0.03967223132745666
146, 7441, 0.040558669775240364
147, 7431, 0.039787942804169675
148, 7536, 0.0404365049603502
149, 7554, 0.038560970455159604
0, 7515, 1.026820584373959
1, 7426, 0.8601379197532848
2, 7558, 0.7083978218547369
3, 7433, 0.6021969283031205
4, 7591, 0.5208934767771576
5, 7534, 0.45508387937384137
6, 7546, 0.40304523277080667
7, 7355, 0.3611508221444437
8, 7447, 0.32248983544818427
9, 7473, 0.28775501642691886
10, 7449, 0.25915440778105947
11, 7490, 0.23211797036356846
12, 7573, 0.2127458336999861
13, 7558, 0.193929467287104
14, 7482, 0.17894196384033914
15, 7441, 0.1645690246911372
16, 7481, 0.1512628104222023
17, 7531, 0.1393010676285978
18, 7405, 0.1299129783223241
19, 7353, 0.12013898505750349
20, 7450, 0.11447005295905016
21, 7505, 0.10785033092912981
22, 7516, 0.10161777257414187
23, 7404, 0.09774645979879266
24, 7447, 0.09406808220734031
25, 7600, 0.08857874989004458
26, 7507, 0.08606019073118598
27, 7496, 0.08263520890120733
28, 7440, 0.07958079779804764
29, 7466, 0.07641104406724541
30, 7538, 0.07460669330242327
31, 7456, 0.07376980207325366
32, 7467, 0.07112916200340792
33, 7443, 0.07084510921962262
34, 7440, 0.06902116890992359
35, 7497, 0.06923661438796602
36, 7380, 0.06722539749917145
37, 7416, 0.06612164391775173
38, 7513, 0.06378974533820492
39, 7408, 0.06443298647796342
40, 7543, 0.0625488468677383
41, 7469, 0.06225719224003725
42, 7452, 0.06074357866030019
43, 7383, 0.060984867188643925
44, 7601, 0.05967984819103184
45, 7499, 0.05866247806571197
46, 7524, 0.05829377234917879
47, 7456, 0.05597753890752137
48, 7421, 0.05563385060570426
49, 7344, 0.054527013640773093
50, 7212, 0.054492105757662675
51, 7487, 0.0556991767456587
52, 7636, 0.05436695398699669
53, 7452, 0.05435438641781767
54, 7497, 0.056401051836111826
55, 7465, 0.0537872226130328
56, 7338, 0.05425876661163705
57, 7461, 0.051478316029742795
58, 7429, 0.053412912379101944
59, 7406, 0.0510081165616074
60, 7397, 0.051825193162886946
61, 7508, 0.05236957897868762
62, 7279, 0.050796384233165556
63, 7591, 0.05108145488202052
64, 7382, 0.04970382109026951
65, 7339, 0.047797103265374626
66, 7559, 0.048997329876427874
67, 7577, 0.049083034274025855
68, 7620, 0.049898426411814766
69, 7388, 0.050448538867826825
70, 7484, 0.049736319434646396
71, 7444, 0.047294809967894993
72, 7359, 0.04689496636019304
73, 7480, 0.0481340037199524
74, 7454, 0.04599909080098078
75, 7447, 0.04603198568883612
76, 7431, 0.047350471317077654
77, 7513, 0.04632383838622954
78, 7555, 0.04717765812699291
79, 7381, 0.04501811161725261
80, 7497, 0.048106014680984646
81, 7291, 0.04525720229619469
82, 7529, 0.04549263835409608
83, 7288, 0.045161356851857896
84, 7605, 0.04364519195459205
85, 7517, 0.04553690410651697
86, 7497, 0.04381746373598657
87, 7394, 0.04373886868078468
88, 7510, 0.04385418559720216
89, 7485, 0.04472040161882525
90, 7520, 0.044623409449481705
91, 7467, 0.04495201969922605
92, 7621, 0.0457363774148278
93, 7618, 0.04356017377500538
94, 7423, 0.043483494939293814
95, 7483, 0.044075933196439265
96, 7498, 0.044161409634817364
97, 7485, 0.04449540148535193
98, 7350, 0.043097557097983206
99, 7581, 0.043025245823541
100, 7506, 0.04237180792621824
101, 7413, 0.04296883082608297
102, 7545, 0.044383034322528485
103, 7585, 0.042818845251911944
104, 7422, 0.042914205964556786
105, 7230, 0.04233433457934152
106, 7424, 0.04431427361530294
107, 7475, 0.04263104854891179
108, 7452, 0.042790751533581396
109, 7570, 0.04300128392429172
110, 7581, 0.04221876725143275
111, 7472, 0.044167743870064044
112, 7650, 0.04184793060363973
113, 7439, 0.04115160263828077
114, 7474, 0.040696076501413554
115, 7580, 0.04187917035093587
116, 7484, 0.04129247668601941
117, 7557, 0.0423809760364502
118, 7536, 0.04128853254502794
119, 7457, 0.042605319922141484
120, 7520, 0.04205485982971072
121, 7581, 0.042286710791041765
122, 7509, 0.042838286352793395
123, 7483, 0.04211296666885482
124, 7569, 0.040863691977965036
125, 7500, 0.041632745451747874
126, 7378, 0.04071440066208545
127, 7434, 0.040928479974197296
128, 7600, 0.04153230719044911
129, 7416, 0.041960076208684575
130, 7588, 0.041990094466648906
131, 7467, 0.04194483663197114
132, 7442, 0.040857589811395624
133, 7398, 0.040652493458571914
134, 7598, 0.04214561088999419
135, 7561, 0.04123765326319724
136, 7440, 0.040937868057138636
137, 7524, 0.04072072671633478
138, 7393, 0.040626975901765436
139, 7417, 0.040786753389981445
140, 7527, 0.040016744059650625
141, 7437, 0.04001290679357417
142, 7490, 0.03964119289465463
143, 7415, 0.041053269827549685
144, 7418, 0.039663070399891975
145, 7370, 0.04059307642141782
146, 7508, 0.040886955929996464
147, 7555, 0.04021371065477497
148, 7569, 0.04036710444488057
149, 7497, 0.04105503167074055
0, 7478, 1.00623166965226
1, 7455, 0.8304593063006966
2, 7356, 0.6882627116421521
3, 7539, 0.5800362779932507
4, 7516, 0.492787531371844
5, 7473, 0.4253917631961532
6, 7434, 0.3775533028578354
7, 7442, 0.3379027340876854
8, 7576, 0.3016945761391672
9, 7567, 0.2732096717266713
10, 7458, 0.24209489622863672
11, 7334, 0.21851354938442424
12, 7480, 0.19779339470600676
13, 7537, 0.18047333963341633
14, 7654, 0.164995565252789
15, 7478, 0.15225364091032642
16, 7398, 0.1383737423536131
17, 7360, 0.1294976392034757
18, 7508, 0.12156471149143526
19, 7479, 0.11166160762057466
20, 7359, 0.10694578902448638
21, 7479, 0.10184931199429399
22, 7412, 0.09835716324337458
23, 7278, 0.09115743693911423
24, 7418, 0.08677189557229058
25, 7576, 0.0856238542977026
26, 7444, 0.08132987841963768
27, 7576, 0.07668757580725824
28, 7368, 0.07680331770393808
29, 7367, 0.07424828119702258
30, 7435, 0.07214663490274195
31, 7621, 0.0718763613198383
32, 7507, 0.07130413733886477
33, 7513, 0.07103176623242934
34, 7477, 0.06654576927631688
35, 7497, 0.06636266528690532
36, 7484, 0.0644671576238139
37, 7540, 0.06393173600882157
38, 7603, 0.063633222728663
39, 7467, 0.06175096184706356
40, 7408, 0.06273357376222355
41, 7633, 0.06110613025213514
42, 7405, 0.061907433554379054
43, 7382, 0.058457524865296394
44, 7423, 0.06032080153310533
45, 7681, 0.057686037250939806
46, 7519, 0.056461211818865216
47, 7604, 0.05621093981731312
48, 7498, 0.05909100670181333
49, 7477, 0.05719213307353567
50, 7577, 0.056395309897727265
51, 7333, 0.0599150429155266
52, 7466, 0.056803186828616195
53, 7373, 0.05340292057713883
54, 7574, 0.05418023488326193
55, 7420, 0.05183653256556713
56, 7420, 0.05373943077378128
57, 7409, 0.05352261778664353
58, 7482, 0.05201474907119557
59, 7357, 0.05374807111822622
60, 7377, 0.052647168520828576
61, 7439, 0.05064968135088065
62, 7405, 0.051771015578491376
63, 7501, 0.04853943523623834
64, 7521, 0.05111074254021745
65, 7406, 0.04986185724607414
66, 7524, 0.04885935794287601
67, 7403, 0.04847032927147048
68, 7648, 0.049479490182253706
69, 7357, 0.05069993367313216
70, 7537, 0.0487451464243734
71, 7405, 0.04873867180427233
72, 7482, 0.049155657283314676
73, 7360, 0.04773931673413185
74, 7501, 0.046469623251611546
75, 7365, 0.04614054171449825
76, 7590, 0.04664392454431892
77, 7512, 0.04802543300693053
78, 7306, 0.046367124621916195
79, 7431, 0.048065156673999125
80, 7560, 0.04547131252162016
81, 7433, 0.04594087770961351
82, 7509, 0.04532001581343867
83, 7517, 0.0451235623329426
84, 7443, 0.04394476407899997
85, 7613, 0.04374722248291996
86, 7523, 0.04790887887267173
87, 7505, 0.044660449445675536
88, 7605, 0.04491405927338251
89, 7424, 0.04435035197603718
90, 7503, 0.04640590068084079
91, 7514, 0.044993733960392766
92, 7370, 0.04639779206545333
93, 7520, 0.045008327089090513
94, 7466, 0.04338357154499533
95, 7386, 0.043278960707822646
96, 7595, 0.0425327217886965
97, 7516, 0.04345808745844282
98, 7447, 0.044398592766694917
99, 7416, 0.04510168651169912
100, 7538, 0.0436598777932531
101, 7333, 0.042669280272565245
102, 7495, 0.04208938834833197
103, 7469, 0.04325314370297158
104, 7316, 0.04393733357136446
105, 7467, 0.04292586389265471
106, 7526, 0.0414447928263035
107, 7446, 0.04334219172911806
108, 7480, 0.044400031900308515
109, 7434, 0.04221102277176815
110, 7547, 0.042115435970614616
111, 7527, 0.04080233109193754
112, 7481, 0.04185033885898798
113, 7518, 0.04075875093456041
114, 7518, 0.04174912661934968
115, 7473, 0.04380430413838953
116, 7443, 0.04205920478853724
117, 7450, 0.04208880290030069
118, 7613, 0.04141838363208913
119, 7452, 0.04157298346402119
120, 7347, 0.040884700298485815
121, 7408, 0.04287099937538532
122, 7530, 0.04204817327507048
123, 7282, 0.04167648859509728
124, 7583, 0.04008513205687418
125, 7486, 0.041510925995476594
126, 7432, 0.042026822669792845
127, 7480, 0.041141054660945
128, 7541, 0.042506936436934865
129, 7610, 0.040563205371699176
130, 7416, 0.04167177578701255
131, 7437, 0.04110898421710753
132, 7475, 0.04173870632728711
133, 7510, 0.04043406024741528
134, 7481, 0.0412867837218934
135, 7625, 0.04077634867701664
136, 7517, 0.04052911556462313
137, 7470, 0.04031032168190814
138, 7528, 0.04089480061074792
139, 7522, 0.040480678413718496
140, 7575, 0.041167040254200156
141, 7424, 0.042150113551179154
142, 7519, 0.040856716441422074
143, 7410, 0.039831098715537624
144, 7433, 0.04052137174356555
145, 7425, 0.0406210042127131
146, 7375, 0.04015366071699515
147, 7462, 0.04069784632960874
148, 7371, 0.03917764139764131
149, 7488, 0.04119367401115453
0, 7435, 1.0080772946446628
1, 7389, 0.8313016578302546
2, 7556, 0.6936079970860886
3, 7524, 0.5905427700382168
4, 7403, 0.5094840392722921
5, 7407, 0.44622047346527294
6, 7434, 0.39500557946956766
7, 7577, 0.3475739367432513
8, 7397, 0.31181390482490345
9, 7568, 0.28084772951522113
10, 7523, 0.24896831103300643
11, 7550, 0.222763703031055
12, 7464, 0.20229552774611165
13, 7534, 0.1849678999791711
14, 7594, 0.17151552880719556
15, 7389, 0.1539940618104854
16, 7605, 0.14284536652898383
17, 7517, 0.13107359377762018
18, 7451, 0.12148756565431416
19, 7463, 0.11662530526518822
20, 7415, 0.10972980782389641
21, 7572, 0.10365651547908783
22, 7421, 0.0985363711745052
23, 7282, 0.09352560998019525
24, 7439, 0.08975116441310463
25, 7425, 0.08636499442538972
26, 7388, 0.08276179224505263
27, 7452, 0.078555873579393
28, 7443, 0.0770858934748981
29, 7632, 0.07541525477575044
30, 7529, 0.07328684760604874
31, 7383, 0.07165228818383215
32, 7432, 0.06984757617391642
33, 7363, 0.06691695992406575
34, 7426, 0.06710861705462655
35, 7472, 0.06472899695046624
36, 7525, 0.06609054670460089
37, 7587, 0.06354113550787675
38, 7510, 0.06074042331631096
39, 7439, 0.06220404667172852
40, 7394, 0.06017763621775243
41, 7426, 0.060046439274387804
42, 7552, 0.05904368040182753
43, 7415, 0.060336950788061616
44, 7519, 0.05611492203689268
45, 7439, 0.0581803236061124
46, 7535, 0.05604213890037164
47, 7432, 0.056241135400678446
48, 7461, 0.05567949368436737
49, 7387, 0.05552174902179413
50, 7516, 0.05419643689220609
51, 7414, 0.055285092403671555
52, 7542, 0.05504740281964657
53, 7345, 0.055720643260004046
54, 7574, 0.052339382442038035
55, 7557, 0.05247469127244007
56, 7427, 0.051984362676843116
57, 7498, 0.05295497871790594
58, 7449, 0.05086170382233745
59, 7513, 0.052407681032413146
60, 7589, 0.05092252574241899
61, 7580, 0.052110858208416475
62, 7386, 0.051667382003527544
63, 7576, 0.05027797882774935
64, 7431, 0.04991694511324525
65, 7342, 0.04961459844330545
66, 7482, 0.05047609949093426
67, 7633, 0.04860674656364606
68, 7403, 0.048446101477819165
69, 7348, 0.04980338750522114
70, 7381, 0.04840973792883228
71, 7540, 0.04955271158593103
72, 7403, 0.05065132553667083
73, 7487, 0.047312808569576315
74, 7434, 0.04705018373338159
75, 7523, 0.045706572438712935
76, 7517, 0.0458259897621361
77, 7443, 0.04596097724540644
78, 7614, 0.047026298527989834
79, 7490, 0.04763621666087385
80, 7435, 0.045697292203989874
81, 7492, 0.04624154354340991
82, 7504, 0.045916916857940096
83, 7506, 0.04461795220144739
84, 7401, 0.04552812890039266
85, 7428, 0.04451678018772776
86, 7397, 0.04543656668045567
87, 7421, 0.04632601206888216
88, 7436, 0.04498184895428708
89, 7432, 0.04582668128450776
90, 7494, 0.04436914169539952
91, 7558, 0.043304260673820615
92, 7278, 0.04297802168359978
93, 7411, 0.04552511995712283
94, 7385, 0.04403836581516038
95, 7491, 0.0433323596441095
96, 7541, 0.04444873251785692
97, 7685, 0.0430306445388245
98, 7462, 0.04444022974712595
99, 7598, 0.042587379492095144
100, 7466, 0.04321767188026932
101, 7516, 0.04363084695343555
102, 7515, 0.04241565834996026
103, 7452, 0.042387591625931254
104, 7579, 0.043519768574596836
105, 7546, 0.041911316436324966
106, 7470, 0.04135680866580312
107, 7474, 0.042630679867612827
108, 7620, 0.041725473332602715
109, 7331, 0.042376264007670805
110, 7364, 0.04392765246790222
111, 7446, 0.041933843942547386
112, 7476, 0.04290342907597914
113, 7375, 0.041857695227441344
114, 7419, 0.04219756657721894
115, 7506, 0.04176588793559962
116, 7494, 0.04270775805989041
117, 7403, 0.041212165617951255
118, 7486, 0.04059630140062028
119, 7529, 0.04014379697291575
120, 7421, 0.04230666496907239
121, 7354, 0.040854800509169224
122, 7558, 0.04255384968230702
123, 7404, 0.04252510797300958
124, 7435, 0.04382955580753967
125, 7482, 0.041687574770213655
126, 7415, 0.04098491930831877
127, 7545, 0.04074476099873418
128, 7471, 0.04139825285226165
129, 7415, 0.0419876621310604
130, 7430, 0.0404638300342798
131, 7676, 0.04089007097290872
132, 7511, 0.04062546111765116
133, 7450, 0.04085468083477267
134, 7417, 0.04068254186110005
135, 7573, 0.0402061854051339
136, 7479, 0.04057187673870366
137, 7471, 0.04074872714396156
138, 7373, 0.04078064570744449
139, 7428, 0.04003205773188994
140, 7276, 0.04122720051524424
141, 7424, 0.0404758539455602
142, 7390, 0.04006947918844351
143, 7399, 0.04045045140969628
144, 7492, 0.03998146219603544
145, 7510, 0.04078361027814772
146, 7545, 0.04020357991745903
147, 7452, 0.04031903340290759
148, 7443, 0.04066004705797436
149, 7496, 0.040991967847641794
0, 7482, 1.0307486431073334
1, 7507, 0.8881953565751092
2, 7456, 0.7260786163604865
3, 7540, 0.6006717848575721
4, 7440, 0.5059706654589055
5, 7457, 0.4369732035418688
6, 7493, 0.3862226082611892
7, 7501, 0.3411601223682953
8, 7510, 0.3091056745941356
9, 7450, 0.27694551987668214
10, 7420, 0.24919939962989193
11, 7471, 0.22478294663004955
12, 7622, 0.20313444531570046
13, 7426, 0.1844709612807985
14, 7402, 0.16824041168063375
15, 7489, 0.15491051643581713
16, 7383, 0.1427254118025303
17, 7412, 0.131727800846605
18, 7432, 0.12325851436136133
19, 7449, 0.11689776832521973
20, 7426, 0.1083854130642899
21, 7459, 0.10023942836007829
22, 7585, 0.09714756160974503
23, 7418, 0.09337242705337072
24, 7459, 0.08839220522066295
25, 7364, 0.0833940793270782
26, 7398, 0.08210482751413928
27, 7615, 0.07815785706043243
28, 7557, 0.0759360918427928
29, 7520, 0.07490133127923738
30, 7501, 0.07152824100675219
31, 7409, 0.07165745846048731
32, 7567, 0.06902893010752911
33, 7453, 0.06705748158136472
34, 7504, 0.06874489714143113
35, 7414, 0.06770427323508633
36, 7345, 0.06238421449084112
37, 7576, 0.06159031923561355
38, 7492, 0.06314567088956798
39, 7488, 0.06036159892326828
40, 7483, 0.059220029251546805
41, 7565, 0.060698277928792586
42, 7402, 0.06006716236738425
43, 7571, 0.0605640375435358
44, 7376, 0.05788990404598959
45, 7443, 0.0561871884436499
46, 7541, 0.055939111329201804
47, 7485, 0.05762760132102318
48, 7418, 0.057863571192634904
49, 7521, 0.057534914366490025
50, 7571, 0.05479892560277055
51, 7352, 0.05440190352054803
52, 7461, 0.05411437506977473
53, 7408, 0.05203097455479845
54, 7413, 0.054171852327040235
55, 7417, 0.052997391440383
56, 7570, 0.05138328987152564
57, 7420, 0.05209294448844978
58, 7426, 0.051113201575340085
59, 7460, 0.04940357643072745
60, 7458, 0.050318165375543886
61, 7486, 0.048277587135648656
62, 7512, 0.048998977589515685
63, 7568, 0.04887120211441295
64, 7438, 0.049178927219348884
65, 7463, 0.04786599656947948
66, 7423, 0.048171189168356075
67, 7578, 0.04719398974646293
68, 7467, 0.04989712872483179
69, 7364, 0.04633024746878632
70, 7400, 0.04671516572698578
71, 7521, 0.0465621325978596
72, 7388, 0.04660496583801194
73, 7367, 0.04799552148977844
74, 7369, 0.046425406082860055
75, 7441, 0.0474361300711342
76, 7468, 0.04700851770118514
77, 7495, 0.045107141181142514
78, 7640, 0.04579786318054709
79, 7345, 0.044636773348797905
80, 7412, 0.044245988016813904
81, 7570, 0.04625125261871032
82, 7639, 0.04479650905343077
83, 7148, 0.045707884510002496
84, 7554, 0.04669783873211907
85, 7527, 0.04522828394819033
86, 7417, 0.04530877411021138
87, 7444, 0.045144112626992486
88, 7445, 0.04483301282791222
89, 7450, 0.04295463252451327
90, 7522, 0.04449705593524581
91, 7391, 0.04801719913707085
92, 7467, 0.044900193734197305
93, 7449, 0.04460946740162085
94, 7496, 0.04399450168501003
95, 7320, 0.043397747957999944
96, 7387, 0.04294691012442292
97, 7574, 0.042943992742240616
98, 7514, 0.04236300482256544
99, 7564, 0.042733496323586945
100, 7494, 0.04526105008476901
101, 7565, 0.04323760043941369
102, 7380, 0.04277678629775906
103, 7423, 0.041896147949259145
104, 7455, 0.043417887227500986
105, 7532, 0.04213787289490497
106, 7548, 0.04168939333940881
107, 7504, 0.04228324200433764
108, 7455, 0.04319592134784848
109, 7543, 0.0414504368917746
110, 7430, 0.041966447823119486
111, 7498, 0.042020150160149705
112, 7620, 0.04330988911065511
113, 7460, 0.041794168118188514
114, 7489, 0.04147009631767801
115, 7564, 0.04213093543838561
116, 7478, 0.04094685772387431
117, 7399, 0.04261927199400836
118, 7506, 0.042135199633700576
119, 7465, 0.0407784019587225
120, 7471, 0.04179483937218473
121, 7533, 0.04104022780356641
122, 7496, 0.04128334822602333
123, 7465, 0.041104016529091715
124, 7456, 0.03980922189613228
125, 7442, 0.0406723355552898
126, 7464, 0.04050101726179112
127, 7369, 0.04119614799852021
128, 7465, 0.04210953669612414
129, 7244, 0.04175890343156311
130, 7499, 0.040371567174537104
131, 7375, 0.04138717570018131
132, 7505, 0.04007517264278497
133, 7446, 0.04120979074745998
134, 7573, 0.04063924967276863
135, 7501, 0.0404389047503096
136, 7674, 0.040199569524352934
137, 7524, 0.040547066926659624
138, 7474, 0.04102248885093491
139, 7539, 0.04070512981392754
140, 7370, 0.040939942983514256
141, 7543, 0.039821005104952116
142, 7232, 0.04167471731126431
143, 7462, 0.04079247670546943
144, 7454, 0.0408166235513813
145, 7407, 0.04061248408227695
146, 7455, 0.03925174195927098
147, 7422, 0.039071443329919284
148, 7483, 0.03976292459192648
149, 7489, 0.03954687762507029
0, 7556, 1.0216030619912229
1, 7452, 0.8510203225127722
2, 7503, 0.6885663493204925
3, 7394, 0.5706258120678239
4, 7395, 0.4856211947182478
5, 7497, 0.42487256026874154
6, 7690, 0.37508055239410726
7, 7478, 0.34033128492913006
8, 7530, 0.30386570222296955
9, 7500, 0.2744399802917141
10, 7483, 0.25101463484056924
11, 7614, 0.2247462244862217
12, 7455, 0.2086535702317448
13, 7477, 0.18852495591519242
14, 7304, 0.17117739771887408
15, 7514, 0.1602028330503884
16, 7378, 0.14621917707687718
17, 7553, 0.1355588679217686
18, 7419, 0.12534381272429126
19, 7489, 0.1175374597689863
20, 7468, 0.10652215658860692
21, 7455, 0.10338299424719002
22, 7549, 0.0977622833166082
23, 7509, 0.09132144631723225
24, 7422, 0.08695515996571314
25, 7378, 0.0863479938421209
26, 7354, 0.08094589645832272
27, 7423, 0.07834614087211883
28, 7551, 0.0771005799899162
29, 7359, 0.07306740840233988
30, 7427, 0.07316985669530045
31, 7468, 0.07160910829264723
32, 7476, 0.0707504050148977
33, 7514, 0.06851178671105092
34, 7435, 0.06697069739175053
35, 7519, 0.0657100678571597
36, 7480, 0.06512802939846761
37, 7571, 0.06264930798774182
38, 7365, 0.06265739556796143
39, 7513, 0.06409092449770303
40, 7411, 0.059717954238360786
41, 7511, 0.06025105919563804
42, 7406, 0.0592654356949204
43, 7565, 0.05846278246512077
44, 7309, 0.05697108768187986
45, 7358, 0.056831271175727435
46, 7413, 0.05817016722404686
47, 7510, 0.05679354954638528
48, 7578, 0.05627491053061408
49, 7593, 0.055215118364492374
50, 7297, 0.05328766997710003
51, 7483, 0.054530906380777434
52, 7540, 0.05237611600905477
53, 7528, 0.052903451486214004
54, 7490, 0.052921241985256724
55, 7565, 0.05167916375087333
56, 7309, 0.052156372032027776
57, 7478, 0.051486135751075496
58, 7485, 0.04882834472410712
59, 7355, 0.05182676912201869
60, 7617, 0.05010085032464675
61, 7471, 0.04951728363752543
62, 7449, 0.04915641044901394
63, 7384, 0.048987435548500824
64, 7527, 0.04959760550156044
65, 7348, 0.04939833619131082
66, 7467, 0.04648711801071877
67, 7492, 0.04920651033209851
68, 7543, 0.047241510616483684
69, 7343, 0.04774894112806225
70, 7531, 0.04814981957850057
71, 7391, 0.048105657553105814
72, 7587, 0.045932538712859364
73, 7519, 0.046369860385484706
74, 7551, 0.04727429253130856
75, 7429, 0.04597697805252485
76, 7538, 0.045366269093953374
77, 7621, 0.045677391361482376
78, 7426, 0.043588836358196915
79, 7415, 0.04463951176721894
80, 7483, 0.044251548550011885
81, 7453, 0.04467142950115716
82, 7448, 0.043742478893630775
83, 7348, 0.045193054625097366
84, 7383, 0.04382580430782996
85, 7455, 0.04415162662593402
86, 7505, 0.043130563273037145
87, 7548, 0.044777338755500905
88, 7383, 0.04466751401693588
89, 7433, 0.04293592243639227
90, 7549, 0.0446678399090725
91, 7385, 0.04451062475280209
92, 7538, 0.044954903512862354
93, 7524, 0.04343428012906554
94, 7475, 0.04223308928690876
95, 7344, 0.04354937839740426
96, 7369, 0.04430876499248012
97, 7583, 0.04359570659052226
98, 7517, 0.043239193690091625
99, 7389, 0.04231917959031971
100, 7392, 0.04256399090797667
101, 7376, 0.04416206519413101
102, 7396, 0.042212262802845436
103, 7431, 0.04297764700897507
104, 7481, 0.04054622033448628
105, 7443, 0.04352163312736269
106, 7452, 0.043787896754056393
107, 7416, 0.04430847888043753
108, 7338, 0.04213069333201299
109, 7547, 0.04214071879898851
110, 7290, 0.04162014673290851
111, 7497, 0.04372694889679055
112, 7568, 0.040697458826805054
113, 7479, 0.041239977086889194
114, 7308, 0.040461260409965484
115, 7492, 0.041378539452559156
116, 7695, 0.041747541431385975
117, 7509, 0.04241214142550761
118, 7450, 0.04066531531152391
119, 7411, 0.040769400029940464
120, 7481, 0.040698759037852056
121, 7503, 0.041371969181471756
122, 7793, 0.04204033482121981
123, 7525, 0.041036613171892104
124, 7518, 0.04103861042856765
125, 7563, 0.04159706341435402
126, 7348, 0.04159754708478335
127, 7413, 0.04214287688089724
128, 7478, 0.0410194627103651
129, 7486, 0.04068924482744916
130, 7528, 0.04129028583150988
131, 7594, 0.04058065977288669
132, 7451, 0.04021030934944888
133, 7390, 0.042001719393134164
134, 7432, 0.04040888480519972
135, 7453, 0.03980735486279816
136, 7575, 0.040951650787315746
137, 7489, 0.04158367320259676
138, 7575, 0.04039572909729413
139, 7423, 0.04011970441701062
140, 7637, 0.039608856898959474
141, 7526, 0.04056956134174955
142, 7447, 0.039366326225771846
143, 7372, 0.04009779453031899
144, 7533, 0.04071424069215278
145, 7302, 0.04012947126199416
146, 7454, 0.039275527936980886
147, 7527, 0.03868298338519006
148, 7453, 0.03994893262618545
149, 7538, 0.03990876879084508
0, 7543, 1.0555315340979625
1, 7350, 0.8769922463570611
2, 7452, 0.7012956723318262
3, 7404, 0.5828703424688113
4, 7436, 0.5051236251148127
5, 7446, 0.44136589235168394
6, 7548, 0.389156288514703
7, 7345, 0.34719256046464886
8, 7530, 0.3088170939077765
9, 7488, 0.2775540245791613
10, 7551, 0.2533413361189729
11, 7582, 0.22699111952620038
12, 7549, 0.20725288077936335
13, 7544, 0.187941396893081
14, 7456, 0.1748256355018939
15, 7338, 0.15910115585488788
16, 7454, 0.14756050491231984
17, 7476, 0.1345098615955498
18, 7416, 0.12690652067125854
19, 7491, 0.12124069609631927
20, 7501, 0.1115553043782711
21, 7372, 0.10607454951031733
22, 7446, 0.09966187324311773
23, 7491, 0.09273359924554825
24, 7380, 0.09025953084988109
25, 7547, 0.08728088047039712
26, 7408, 0.08263948313513045
27, 7480, 0.08073293578700494
28, 7225, 0.07728465311860634
29, 7540, 0.07578224202586432
30, 7339, 0.0744178621571953
31, 7305, 0.0718328852504147
32, 7382, 0.06963113738060259
33, 7427, 0.07085864653537881
34, 7418, 0.0686022937403852
35, 7519, 0.06560651140085348
36, 7366, 0.06795879911426282
37, 7400, 0.0655481230121246
38, 7565, 0.06303997623186403
39, 7556, 0.062432990008935034
40, 7373, 0.0620753700662946
41, 7401, 0.06115982583476613
42, 7457, 0.05825696691907178
43, 7439, 0.05900611465688256
44, 7494, 0.05758157621617521
45, 7477, 0.05714287523705984
46, 7397, 0.05723298040979517
47, 7557, 0.05859007143566898
48, 7629, 0.05466717308467509
49, 7475, 0.05529407769763814
50, 7481, 0.054650053625228255
51, 7537, 0.05531754251944775
52, 7355, 0.05637044085929243
53, 7415, 0.05371774158010286
54, 7391, 0.05580880284998588
55, 7526, 0.05118697277220645
56, 7419, 0.05403205083065814
57, 7473, 0.0530399886454547
58, 7555, 0.05250887920222776
59, 7428, 0.0496295886863814
60, 7495, 0.05131140212952527
61, 7545, 0.050805337882308066
62, 7527, 0.0518409576226826
63, 7479, 0.050320710398367274
64, 7447, 0.050166566038139015
65, 7402, 0.04987249591729469
66, 7293, 0.04947221828132785
67, 7628, 0.04834401949238905
68, 7343, 0.047726289057349214
69, 7619, 0.049225727786150635
70, 7339, 0.0514488710575712
71, 7567, 0.05136970386789273
72, 7469, 0.04910393960822449
73, 7461, 0.0492378007117031
74, 7507, 0.04847954938462932
75, 7327, 0.04804624321155809
76, 7383, 0.04707764111381707
77, 7329, 0.045369012077684734
78, 7501, 0.0448802352720273
79, 7538, 0.045750433023238925
80, 7467, 0.04580330362426372
81, 7393, 0.045893476623283594
82, 7551, 0.044038415100208575
83, 7494, 0.04531771316454017
84, 7504, 0.04512934924261617
85, 7513, 0.04453065947203487
86, 7537, 0.04564519254627494
87, 7493, 0.044759322489671016
88, 7367, 0.043304680092493705
89, 7531, 0.04409220730349018
90, 7618, 0.04345976190436425
91, 7493, 0.044215763318089574
92, 7451, 0.045328175181153785
93, 7384, 0.04409266465404663
94, 7377, 0.04379461098578954
95, 7475, 0.04422169575671477
96, 7630, 0.04294878085827228
97, 7398, 0.04389832895121796
98, 7449, 0.04215991365910226
99, 7637, 0.04309045733811144
100, 7439, 0.044010454433030886
101, 7443, 0.04298002322472015
102, 7462, 0.0442943261058733
103, 7396, 0.04319158126334482
104, 7545, 0.043822370484784816
105, 7484, 0.04274639212878663
106, 7478, 0.04293509636943346
107, 7583, 0.04493788511406883
108, 7398, 0.04429199491189539
109, 7573, 0.04258312569788322
110, 7456, 0.04340676899198879
111, 7583, 0.04321076666167444
112, 7494, 0.04116479600333004
113, 7426, 0.041152754208151676
114, 7379, 0.041730220614768485
115, 7441, 0.042984090825830754
116, 7533, 0.04262954013200375
117, 7353, 0.04213658082165669
118, 7453, 0.04184252568543392
119, 7465, 0.041844067827525956
120, 7566, 0.04263370523098793
121, 7403, 0.04073039951253141
122, 7495, 0.041685273716469254
123, 7546, 0.04165103522518062
124, 7445, 0.04118194081180454
125, 7417, 0.04123631813293221
126, 7419, 0.04154983785659522
127, 7433, 0.042809917239563344
128, 7455, 0.041021563691000476
129, 7538, 0.0408610666015303
130, 7556, 0.041021328892409455
131, 7382, 0.04103712750973949
132, 7464, 0.042181853790575555
133, 7480, 0.041250022846807954
134, 7605, 0.04200545873277766
135, 7416, 0.04070061284736909
136, 7480, 0.04051913699660802
137, 7476, 0.0407045821965223
138, 7562, 0.042395844027523596
139, 7456, 0.040600548855248324
140, 7541, 0.03938145891835358
141, 7385, 0.03994208309165608
142, 7544, 0.04256191962828304
143, 7467, 0.04061548145719001
144, 7427, 0.039785916509305956
145, 7500, 0.04146005542922936
146, 7473, 0.04107409464085526
147, 7471, 0.03956186092621836
148, 7451, 0.041730269258735395
149, 7545, 0.039778105839517415
0, 7434, 1.0335940713599576
1, 7350, 0.86609751693273
2, 7630, 0.7203179623110819
3, 7386, 0.6161690460423291
4, 7452, 0.5368917230832375
5, 7484, 0.4664653398222842
6, 7375, 0.4132740687010652
7, 7478, 0.36918713329202035
8, 7389, 0.3299258204839997
9, 7540, 0.30048139645891675
10, 7531, 0.2704704733470739
11, 7441, 0.2454475845068188
12, 7517, 0.22333201159865168
13, 7447, 0.2056284664293467
14, 7455, 0.18674870416269465
15, 7396, 0.17289740175513899
16, 7435, 0.15948219180612241
17, 7519, 0.14679032077981255
18, 7540, 0.13659841371542317
19, 7523, 0.12769121720881785
20, 7595, 0.12042164455278445
21, 7553, 0.11281088322906171
22, 7450, 0.10382435634984809
23, 7524, 0.09933941369339572
24, 7400, 0.09851713087094033
25, 7627, 0.0914997510864573
26, 7403, 0.0876451840592643
27, 7350, 0.08357594206424082
28, 7482, 0.07958169470904237
29, 7691, 0.07946134207107253
30, 7440, 0.0748192834967779
31, 7355, 0.07428479459042324
32, 7617, 0.07025669301936774
33, 7372, 0.07133932116711515
34, 7499, 0.06969919764444238
35, 7379, 0.0672372777461494
36, 7570, 0.06772440220267202
37, 7430, 0.06650194562967206
38, 7520, 0.06492711586356843
39, 7512, 0.062110571095902005
40, 7580, 0.06235621057317636
41, 7419, 0.06225286931681346
42, 7505, 0.06036991600887412
43, 7333, 0.05882595038091412
44, 7406, 0.05688353726940942
45, 7500, 0.057700203584857765
46, 7419, 0.05721030293568815
47, 7612, 0.05776040473324696
48, 7551, 0.056622319595597936
49, 7503, 0.05677177983448011
50, 7310, 0.05553839994615787
51, 7458, 0.05500605280526749
52, 7463, 0.05518968927446508
53, 7377, 0.05292710148884989
54, 7585, 0.05444507419313635
55, 7393, 0.05282204508641947
56, 7519, 0.05472435835535816
57, 7386, 0.052340539180981194
58, 7562, 0.05030692725904675
59, 7392, 0.05050522452589748
60, 7478, 0.05181895592508148
61, 7593, 0.05122030771823204
62, 7399, 0.049939236832466115
63, 7459, 0.049984280811540056
64, 7447, 0.04887607307767142
65, 7414, 0.05022818634743199
66, 7439, 0.049149878777033904
67, 7484, 0.049250071973329576
68, 7591, 0.0479391117244923
69, 7484, 0.048542097549029675
70, 7554, 0.04768559097940031
71, 7471, 0.048289881397480576
72, 7497, 0.047894789397441906
73, 7642, 0.04759025238826701
74, 7487, 0.04547669777976001
75, 7603, 0.0471605003726059
76, 7515, 0.04565274954187323
77, 7529, 0.04642444329445308
78, 7506, 0.04767145396570932
79, 7530, 0.04588324365109139
80, 7518, 0.04405510143128372
81, 7388, 0.04583032391528955
82, 7637, 0.04502804358912413
83, 7607, 0.04389527745602734
84, 7428, 0.046580831918028545
85, 7461, 0.046598945704096555
86, 7557, 0.04444949794201613
87, 7478, 0.04611253700148498
88, 7491, 0.044031979676050624
89, 7574, 0.046569045014388945
90, 7491, 0.044459143350320994
91, 7637, 0.04210615911687681
92, 7469, 0.044630131941893414
93, 7537, 0.043640214469447026
94, 7401, 0.04445532352774781
95, 7307, 0.04329862214407237
96, 7592, 0.043189687546619344
97, 7499, 0.045409793638601176
98, 7541, 0.044914915878535654
99, 7464, 0.04359173279832573
100, 7520, 0.04271405420272535
101, 7397, 0.04307040379286203
102, 7478, 0.04254871516924368
103, 7371, 0.04329197724870518
104, 7512, 0.04239400155625687
105, 7391, 0.04272887099679957
106, 7561, 0.041227168837568544
107, 7447, 0.04280431166307421
108, 7357, 0.04231378793459708
109, 7493, 0.04397536199101613
110, 7453, 0.04216768301138735
111, 7457, 0.04222909163736164
112, 7416, 0.0427197978130036
113, 7528, 0.04355929566113452
114, 7393, 0.04219433811957197
115, 7471, 0.043696473711723124
116, 7529, 0.04339400815467439
117, 7587, 0.04218335902645013
118, 7584, 0.03992255790322325
119, 7530, 0.041744856724594305
120, 7340, 0.04142572968913592
121, 7477, 0.043179541684126514
122, 7521, 0.04172001560639221
123, 7501, 0.04235551983091804
124, 7364, 0.04062412722704927
125, 7422, 0.04180177641059058
126, 7459, 0.04113604303832164
127, 7519, 0.042338358470502595
128, 7382, 0.04092915281452228
129, 7492, 0.04072577237480604
130, 7303, 0.04015917744643359
131, 7394, 0.0411101318649292
132, 7553, 0.04197499761609028
133, 7425, 0.04001704334764909
134, 7606, 0.039574189811641666
135, 7596, 0.04009957345467282
136, 7432, 0.04071822100650216
137, 7525, 0.040239896723559425
138, 7401, 0.04189435466187705
139, 7431, 0.04047379485611011
140, 7435, 0.041258364528925305
141, 7450, 0.040271084522173164
142, 7389, 0.041816612342638636
143, 7544, 0.04277700400246306
144, 7570, 0.040432426855217765
145, 7399, 0.04036198759976802
146, 7462, 0.04039580941006384
147, 7393, 0.03959192835246891
148, 7437, 0.03962855539707274
149, 7451, 0.040392660619460195
0, 7548, 0.9854881950354172
1, 7466, 0.7885393909478592
2, 7290, 0.6253928663366932
3, 7579, 0.522254476102732
4, 7474, 0.4477538749323053
5, 7408, 0.3904138811058917
6, 7530, 0.3467998999660298
7, 7498, 0.3097956983719842
8, 7696, 0.2774786590519598
9, 7334, 0.24925572564036158
10, 7494, 0.2259610681715658
11, 7446, 0.20059039165913048
12, 7467, 0.1828846598075608
13, 7515, 0.16571265686366518
14, 7535, 0.15136216568239666
15, 7342, 0.13810537496613243
16, 7496, 0.1263845196719897
17, 7364, 0.1201739377515801
18, 7488, 0.11150677116998171
19, 7596, 0.10438002803820674
20, 7386, 0.09985574107553999
21, 7382, 0.09452794833203494
22, 7589, 0.08970596155120154
23, 7361, 0.08649548067379806
24, 7379, 0.08314765099499186
25, 7585, 0.0799450658388057
26, 7489, 0.07763405040032782
27, 7450, 0.07581973631503218
28, 7269, 0.07323440723121166
29, 7387, 0.07015897927142806
30, 7564, 0.06958465417057781
31, 7503, 0.06861373110798259
32, 7305, 0.06826093035189196
33, 7350, 0.06573174849766417
34, 7590, 0.06311637575821635
35, 7417, 0.06345030957175803
36, 7349, 0.06166771389723446
37, 7343, 0.06289614124687463
38, 7574, 0.062383344929227216
39, 7483, 0.05931142463774821
40, 7430, 0.06049535641200971
41, 7571, 0.05790983279459099
42, 7415, 0.05787599380835454
43, 7550, 0.05903433560360529
44, 7407, 0.055950079504419416
45, 7316, 0.05845418959767365
46, 7391, 0.06152722954559921
47, 7373, 0.056048857140253844
48, 7482, 0.05486232189203223
49, 7486, 0.05560277918904475
50, 7610, 0.05448727142798296
51, 7613, 0.05230218571647617
52, 7458, 0.05122126068119898
53, 7320, 0.05307390580951988
54, 7428, 0.05186049907394769
55, 7464, 0.05103078532882259
56, 7399, 0.04988035271269513
57, 7571, 0.051226230603498145
58, 7500, 0.05126529113042109
59, 7504, 0.05323358535927911
60, 7471, 0.0484493143946299
61, 7586, 0.04890760442854347
62, 7494, 0.049093810059067454
63, 7379, 0.05057920072043197
64, 7616, 0.0488284647590951
65, 7490, 0.05031074650951978
66, 7436, 0.04717288651533446
67, 7523, 0.0475864639997797
68, 7490, 0.04664518121789511
69, 7566, 0.04924126728953429
70, 7503, 0.04863008354063929
71, 7460, 0.05156736073233543
72, 7478, 0.0481196421587603
73, 7572, 0.04579811712776965
74, 7531, 0.045399407921645485
75, 7415, 0.046655789809370865
76, 7443, 0.04718936938261768
77, 7388, 0.04378938610296051
78, 7448, 0.04538532165529266
79, 7491, 0.04478599911315644
80, 7300, 0.044284605407899455
81, 7457, 0.04445034502777743
82, 7346, 0.045770481845961566
83, 7484, 0.04681230779507299
84, 7377, 0.0440044953938206
85, 7338, 0.04500770947144204
86, 7426, 0.04560892864144929
87, 7442, 0.04603302711473558
88, 7513, 0.0437152304802089
89, 7580, 0.04347847564783775
90, 7425, 0.043711228412986074
91, 7526, 0.04408038282356837
92, 7425, 0.04417070593713068
93, 7440, 0.04362284773416835
94, 7493, 0.04370596738194956
95, 7438, 0.04212569738600244
96, 7366, 0.0427804244508983
97, 7488, 0.04389458390076005
98, 7429, 0.042098757757346277
99, 7391, 0.041730956449288245
100, 7593, 0.042121628639127266
101, 7537, 0.04218521394607093
102, 7630, 0.040847193788388005
103, 7566, 0.042105179241245565
104, 7518, 0.04101359389121079
105, 7496, 0.04310143604315295
106, 7593, 0.042532270241594436
107, 7425, 0.04207156872000054
108, 7503, 0.04249771466183059
109, 7536, 0.040499131741424756
110, 7351, 0.041681172189645385
111, 7400, 0.04160667508342983
112, 7450, 0.04222418736425803
113, 7575, 0.04194855494075923
114, 7308, 0.042249645934539684
115, 7496, 0.0440963426552359
116, 7369, 0.04101752016594036
117, 7476, 0.0410986050681564
118, 7410, 0.040529541201967646
119, 7528, 0.042150665161028306
120, 7594, 0.0413313726463428
121, 7474, 0.042323240521309
122, 7540, 0.04116869679068336
123, 7555, 0.0411166531317225
124, 7401, 0.041022549508092185
125, 7347, 0.04099621586918795
126, 7458, 0.04151406477147329
127, 7403, 0.04041633042985967
128, 7391, 0.03969865261381376
129, 7488, 0.04068232259484073
130, 7488, 0.041555159619754256
131, 7485, 0.040731142702431784
132, 7541, 0.04155619540800898
133, 7439, 0.040355266185356335
134, 7404, 0.04056526434700622
135, 7386, 0.04111444058481258
136, 7581, 0.04082746345461795
137, 7468, 0.040784467736778934
138, 7450, 0.040060636116898196
139, 7570, 0.04027276362996822
140, 7411, 0.039848537564671896
141, 7433, 0.04006569975825997
142, 7493, 0.04090041464594802
143, 7498, 0.04049024279659017
144, 7545, 0.03975393139191009
145, 7573, 0.04026247691996137
146, 7527, 0.039332707389161115
147, 7373, 0.04114186505627596
148, 7485, 0.04020831448671113
149, 7507, 0.04067250032415481
