0, 31585, 1.0952672628328624
1, 62986, 1.0527349133222752
2, 94378, 1.0287035258824933
3, 126219, 1.0140948191649581
4, 157742, 1.0041618105980028
5, 189288, 0.9996977238638687
6, 220489, 0.9835942751638327
7, 252121, 0.9107033983397446
8, 283410, 0.7895238166093902
9, 314644, 0.6861287641277505
10, 346002, 0.6106625112866095
11, 377440, 0.5611998551519586
12, 408858, 0.5243922929785246
13, 440286, 0.4968386246918474
14, 471672, 0.47595314553586004
15, 503140, 0.45659726073999307
16, 534623, 0.44141268117982
17, 566097, 0.4257492827262075
18, 597636, 0.41399635454369904
19, 629161, 0.3998012256689857
20, 660586, 0.38979386720336173
21, 691929, 0.37857455807920115
22, 723595, 0.36904171529524993
23, 755002, 0.35977189202685056
24, 786526, 0.3522497520845358
25, 817924, 0.34191389370106867
26, 849552, 0.3350461167001562
27, 881225, 0.32695426536790967
28, 912776, 0.31915369824880874
29, 944295, 0.3113597003984565
30, 975613, 0.3056398500443891
31, 1006989, 0.29748447064696454
32, 1038414, 0.2922462063353244
33, 1069759, 0.286337142772767
34, 1101136, 0.27969312959858283
35, 1132834, 0.2743408983364412
36, 1164192, 0.2687533049802728
37, 1195738, 0.2624611355531232
38, 1227350, 0.2583845729145114
39, 1258951, 0.2539540715528838
40, 1290265, 0.25039449747222825
41, 1321828, 0.24800121507744294
42, 1353268, 0.24406108040440475
43, 1384709, 0.24178765779912356
44, 1415890, 0.23705756629983113
45, 1447361, 0.23669258928553105
46, 1478573, 0.2328288930961759
47, 1510168, 0.23238278841514698
48, 1541477, 0.22849138728150356
49, 1572780, 0.22751744797471596
50, 1604162, 0.2252243289436047
51, 1635605, 0.22488355070210597
52, 1667176, 0.22214960523079705
53, 1698638, 0.2215135233076469
54, 1730031, 0.22060965822564596
55, 1761636, 0.21907917376298208
56, 1793003, 0.21759366696272997
57, 1824532, 0.21649353725800535
58, 1856224, 0.21442324443829863
59, 1887665, 0.21432786832987485
60, 1919095, 0.21366113519824587
61, 1950658, 0.21316937772584466
62, 1982263, 0.21253587267278845
63, 2013766, 0.21186068902838312
64, 2045326, 0.2116014926150448
65, 2076742, 0.20968609086113146
66, 2108083, 0.20895179073716427
67, 2139603, 0.20882407588860008
68, 2171040, 0.2083829787564567
69, 2202409, 0.2214395018601003
70, 2233941, 0.21028439126919102
71, 2265395, 0.20837307385292203
72, 2296816, 0.2074867556420951
73, 2328196, 0.2062913174861737
74, 2359626, 0.2059363661771814
75, 2390993, 0.20488629737411734
76, 2422506, 0.20414944910998878
77, 2453903, 0.20404124635771817
78, 2485358, 0.20444893630230346
79, 2516965, 0.20357976430513808
80, 2548479, 0.2021273252052626
81, 2579861, 0.20262800549693372
82, 2611451, 0.2034863864216364
83, 2643049, 0.20098619450071475
84, 2674666, 0.2017370111050354
85, 2706024, 0.20194347824296588
86, 2737682, 0.20114246950454023
87, 2769140, 0.20136122558162503
88, 2800602, 0.20066434836227356
89, 2832093, 0.20146089500126163
90, 2863594, 0.20013739008264778
91, 2895252, 0.2005866086990735
92, 2926833, 0.20031256408292045
93, 2958449, 0.19987575138076005
94, 2990140, 0.20165813174605268
95, 3021566, 0.2001896225561974
96, 3052965, 0.19935976146834458
97, 3084260, 0.19935354730295662
98, 3115805, 0.19917469760042733
99, 3147268, 0.19882791307438
100, 3178798, 0.19872511563866685
101, 3210561, 0.19856813911974228
102, 3242020, 0.19862393684770074
103, 3273318, 0.1980000221843711
104, 3304877, 0.19779620848636031
105, 3336506, 0.19806098629931193
106, 3367756, 0.19813442641532894
107, 3399499, 0.19752838991323426
108, 3430869, 0.19738289446030446
109, 3462335, 0.19593475271471808
110, 3493877, 0.19044865283396092
111, 3525347, 0.18102558979064556
112, 3556627, 0.17318516961272662
113, 3588079, 0.1684805703007583
114, 3619609, 0.16411361451215745
115, 3651024, 0.16257328617193859
116, 3682560, 0.16097359780114892
117, 3714093, 0.15804610182605353
118, 3745538, 0.15566225385065985
119, 3777096, 0.15438660299862808
120, 3808553, 0.15287164842266285
121, 3839908, 0.1513065207238395
122, 3871469, 0.1510706468488174
123, 3903228, 0.14911352341655928
124, 3934658, 0.14784276909546273
125, 3966312, 0.14697947948080356
126, 3997671, 0.14676483040251576
127, 4028923, 0.1448488103379131
128, 4060420, 0.14400644165805096
129, 4091846, 0.14315992690439683
130, 4123399, 0.14215533284496368
131, 4155052, 0.14133699459242186
132, 4186660, 0.1395410612486451
133, 4218362, 0.13977921336623933
134, 4249810, 0.13842790887488385
135, 4281272, 0.1378220194103099
136, 4312725, 0.13716659123387653
137, 4344291, 0.1355656841283434
138, 4375718, 0.13592723922277092
139, 4407313, 0.13534732959522466
140, 4438929, 0.13419048674369377
141, 4470156, 0.13421845484669856
142, 4501579, 0.13330099580851948
143, 4533160, 0.13319926680950656
144, 4564639, 0.1321168972138158
145, 4596104, 0.13155002432832336
146, 4627550, 0.13212703032321124
147, 4659089, 0.1322238338909209
148, 4690614, 0.1315414566458891
149, 4722177, 0.13072669574402906
0, 31543, 1.0675527254649495
1, 63022, 1.0304216062056017
2, 94582, 1.0164733868852114
3, 126151, 1.006022532629053
4, 157726, 0.9957961784095133
5, 189222, 0.95756834403069
6, 220623, 0.8769783342643126
7, 252238, 0.7848990029084206
8, 283702, 0.6743888613602048
9, 315223, 0.5860145811191628
10, 346541, 0.5348250223251051
11, 378055, 0.5018031919476186
12, 409594, 0.47200083233991896
13, 440954, 0.45134504047050256
14, 472218, 0.4320464161026422
15, 503633, 0.4153499695585835
16, 535006, 0.4005175863904148
17, 566519, 0.38665812140133554
18, 597900, 0.3740991257946987
19, 629365, 0.3623186009881866
20, 660755, 0.3513671555411196
21, 692142, 0.3413577748188167
22, 723564, 0.33204535194050083
23, 755046, 0.3226866096298292
24, 786512, 0.3144018442254681
25, 817901, 0.3059417977586532
26, 849197, 0.2985066199742238
27, 880736, 0.2919520491473314
28, 912299, 0.28481816839811086
29, 943803, 0.2787294391558651
30, 975209, 0.27246769326250087
31, 1006944, 0.2671076230626372
32, 1038421, 0.26194763545938027
33, 1069928, 0.2569653911130313
34, 1101296, 0.25136003500710913
35, 1132837, 0.24848916536349755
36, 1164167, 0.2533786853258472
37, 1195409, 0.2425000613890179
38, 1226850, 0.23886894716411264
39, 1258204, 0.23599515442952204
40, 1289514, 0.23354482140847269
41, 1321146, 0.2312182256083857
42, 1352881, 0.22868414992926886
43, 1384295, 0.22751056451393614
44, 1415711, 0.22572146080725164
45, 1447359, 0.2229974013393423
46, 1478890, 0.22293976411459887
47, 1510373, 0.22096470016096295
48, 1541722, 0.2191891146581036
49, 1573295, 0.2188371846173063
50, 1604762, 0.21610345700585254
51, 1636114, 0.21563771473107315
52, 1667493, 0.21528439348002573
53, 1699007, 0.21331595117142632
54, 1730330, 0.21435852892347868
55, 1761810, 0.2120237302343251
56, 1793117, 0.212117371960854
57, 1824683, 0.21043637134024823
58, 1856001, 0.2092162430605984
59, 1887473, 0.20869764483850414
60, 1918868, 0.20775532297624885
61, 1950276, 0.20767680535319724
62, 1981955, 0.20686642874602562
63, 2013485, 0.20634973897836864
64, 2045148, 0.20568650754011972
65, 2076711, 0.20546163139274595
66, 2108070, 0.20462640166892676
67, 2139522, 0.20492004368115038
68, 2171236, 0.2038985173999606
69, 2202802, 0.20380007793641725
70, 2234317, 0.20361217381593805
71, 2265816, 0.20330128586196947
72, 2297510, 0.20225371890157198
73, 2328816, 0.20268181897566678
74, 2360497, 0.2020191973159358
75, 2392033, 0.20114336014958936
76, 2423550, 0.2010975241001352
77, 2454885, 0.20112427805531286
78, 2486301, 0.20034700002266814
79, 2517878, 0.20040033909429522
80, 2549381, 0.20025833534939352
81, 2580803, 0.19968029659123857
82, 2612132, 0.20009274280931735
83, 2643562, 0.1992672871932119
84, 2674973, 0.19975092449658124
85, 2706665, 0.19963439229160557
86, 2738073, 0.19978658855526918
87, 2769712, 0.19842180988868055
88, 2801016, 0.19905091670239702
89, 2832591, 0.19858608894962906
90, 2864088, 0.19841692944229972
91, 2895398, 0.19730660457526272
92, 2926713, 0.1979603061269445
93, 2958315, 0.1950706638358098
94, 2989653, 0.1876556008480077
95, 3020968, 0.17842442087663232
96, 3052273, 0.17255619285153234
97, 3083772, 0.16842813739441947
98, 3115145, 0.1640553834596678
99, 3146459, 0.16156557596787294
100, 3177799, 0.15933154780408326
101, 3209370, 0.15746964021228477
102, 3240720, 0.15556196032907996
103, 3271981, 0.1541210873145991
104, 3303349, 0.15356079857266028
105, 3334677, 0.15213755842764687
106, 3366091, 0.1515637082391674
107, 3397441, 0.1502250498340925
108, 3428913, 0.149232094777549
109, 3460285, 0.14737086074791603
110, 3491891, 0.1465816214977991
111, 3523233, 0.1466459915795873
112, 3554723, 0.14491624724559632
113, 3586174, 0.14310459324650115
114, 3617557, 0.14187650788636857
115, 3649074, 0.14092788029840547
116, 3680731, 0.14078691640568594
117, 3712174, 0.1387904002742679
118, 3743558, 0.13817571541569332
119, 3774948, 0.13706902421422426
120, 3806404, 0.13586423481439092
121, 3837922, 0.1362845678862764
122, 3869385, 0.13519493957628878
123, 3900814, 0.13496209983472407
124, 3932470, 0.13385817857054225
125, 3963785, 0.1335913022425646
126, 3995310, 0.1334254911346114
127, 4026864, 0.13339718281174318
128, 4058140, 0.13341128447217465
129, 4089704, 0.13218573724005506
130, 4121133, 0.13278127068688467
131, 4152612, 0.1318959000691603
132, 4184146, 0.13209426664920057
133, 4215560, 0.1308826613844954
134, 4246956, 0.1301683982577496
135, 4278350, 0.13092034442046632
136, 4309900, 0.13048809039407447
137, 4341272, 0.130473376595605
138, 4372682, 0.13026452007687492
139, 4404219, 0.13033129493485157
140, 4435669, 0.12917202996092014
141, 4466983, 0.12972596147639712
142, 4498372, 0.12929536208414086
143, 4529965, 0.12908532002158174
144, 4561532, 0.1284248759332375
145, 4593133, 0.12854012782389368
146, 4624573, 0.12871788002422083
147, 4655947, 0.1298675078344013
148, 4687411, 0.12904902913687893
149, 4718826, 0.12822759556373098
0, 31413, 1.1227060143438847
1, 63130, 1.058075549780244
2, 94584, 1.0304048354114064
3, 126018, 1.0103541789652202
4, 157373, 0.9794514531914006
5, 188784, 0.9346112605063421
6, 220375, 0.8834522352632147
7, 251830, 0.8221789839536405
8, 283248, 0.7496754702361884
9, 314786, 0.6712101116562424
10, 346047, 0.6044472631922958
11, 377435, 0.5538208587831248
12, 408785, 0.5153489204346908
13, 440239, 0.484864903381226
14, 471536, 0.4549575228180895
15, 503178, 0.4333559776522304
16, 534754, 0.41552811824453434
17, 566299, 0.3978626826027968
18, 597613, 0.3832448945840865
19, 629290, 0.3692140900893656
20, 660830, 0.35922714206584083
21, 692263, 0.3457038347554772
22, 723581, 0.33461456507124343
23, 754944, 0.3247559970002332
24, 786616, 0.3155653486090584
25, 818076, 0.30702508263409506
26, 849444, 0.30010034445627365
27, 880830, 0.2910045169796253
28, 912264, 0.2846593170710648
29, 943859, 0.2762165996238518
30, 974945, 0.2701663392084432
31, 1006616, 0.2631468921556147
32, 1038120, 0.25771964542021303
33, 1069218, 0.25254909811260307
34, 1100785, 0.24787694325588663
35, 1132307, 0.24320431355104585
36, 1163940, 0.2400332862479477
37, 1195266, 0.23570904551502425
38, 1226970, 0.23226257033945655
39, 1258409, 0.22952665666622205
40, 1289825, 0.22779509127503642
41, 1321348, 0.2257656698214886
42, 1352800, 0.22328007727762192
43, 1384134, 0.22177843787438778
44, 1415906, 0.2203085389303712
45, 1447572, 0.21773515367297008
46, 1478924, 0.21692099949808227
47, 1510388, 0.21534464853451327
48, 1541925, 0.21401390315181604
49, 1573388, 0.2138326306061516
50, 1604764, 0.21187514484362993
51, 1636273, 0.21128921291440872
52, 1667786, 0.20958039863944644
53, 1699316, 0.20940584302164914
54, 1730918, 0.20970482303971008
55, 1762483, 0.20852932168395502
56, 1793991, 0.20741612008271731
57, 1825336, 0.20689556278444282
58, 1856776, 0.20626448462493369
59, 1888358, 0.20598178480178694
60, 1919903, 0.20503524984740606
61, 1951296, 0.20472525162856622
62, 1982826, 0.20372484886078288
63, 2014539, 0.2029884221095353
64, 2046342, 0.20345118989370084
65, 2077779, 0.2029573439191024
66, 2109145, 0.2055750019448658
67, 2140779, 0.20258648064371274
68, 2172132, 0.20095043582400812
69, 2203600, 0.19848354763944645
70, 2235269, 0.19266078668552256
71, 2266728, 0.1849665025336648
72, 2298361, 0.17716281170667397
73, 2330047, 0.17203211090590168
74, 2361423, 0.16870105754903988
75, 2392845, 0.16487224195500205
76, 2424208, 0.16283870725311994
77, 2455688, 0.16054257334869787
78, 2487226, 0.15880366450687453
79, 2518710, 0.1566203628934285
80, 2550132, 0.15824570411661967
81, 2581569, 0.15423843217031366
82, 2613250, 0.15285438764698123
83, 2644830, 0.1505891881764667
84, 2676483, 0.15154098724293638
85, 2707920, 0.1501491437561647
86, 2739395, 0.14722232773627736
87, 2770842, 0.1465674485676014
88, 2802251, 0.14543500035939305
89, 2833823, 0.14519805911510392
90, 2865279, 0.14232506764512726
91, 2896625, 0.14222015689031997
92, 2928092, 0.14011507166405504
93, 2959362, 0.14372456494307076
94, 2990711, 0.13932638639763525
95, 3022277, 0.13727939075509418
96, 3053863, 0.13691407848099324
97, 3085502, 0.1368449994012987
98, 3117013, 0.1357028811352234
99, 3148339, 0.13570310125680746
100, 3179820, 0.1357360002194677
101, 3211216, 0.13372491495572034
102, 3242602, 0.13487469660574505
103, 3274133, 0.13320733950330996
104, 3305309, 0.13295366354369118
105, 3336779, 0.13268091805666835
106, 3368280, 0.13191057128673742
107, 3399634, 0.13242996432230406
108, 3431117, 0.13259088427578275
109, 3462437, 0.13157318838241075
110, 3493958, 0.13144208449681777
111, 3525266, 0.13123580945422442
112, 3556918, 0.13088697345057188
113, 3588264, 0.13060927654646082
114, 3619779, 0.13019875863525426
115, 3651153, 0.13052387465986376
116, 3682442, 0.12984374181070693
117, 3713868, 0.12916081736663712
118, 3745474, 0.1290832966894444
119, 3776880, 0.12850706475342324
120, 3808281, 0.12900755581750348
121, 3839692, 0.12903143781180187
122, 3870976, 0.12888904934964138
123, 3902450, 0.12849580060846483
124, 3933952, 0.1282755415912771
125, 3965363, 0.12821968814152704
126, 3996883, 0.1283502145984715
127, 4028185, 0.12857643144213537
128, 4059471, 0.1278365054622246
129, 4091064, 0.12798040412706319
130, 4122349, 0.1270703278104429
131, 4153870, 0.12744222891122658
132, 4185555, 0.12744536094080075
133, 4216982, 0.127536007279743
134, 4248416, 0.12718743715692793
135, 4279761, 0.1271747874456258
136, 4311300, 0.12684318721727128
137, 4342793, 0.1273491083773538
138, 4374196, 0.12742554836520975
139, 4405701, 0.12675070023046767
140, 4437040, 0.1264701735392807
141, 4468540, 0.12679497996648884
142, 4500098, 0.1266051874343389
143, 4531572, 0.1263628324349818
144, 4563077, 0.1261900885842749
145, 4594589, 0.12610033715825653
146, 4626069, 0.12637916606156072
147, 4657356, 0.12594397171391075
148, 4688448, 0.12616939121117757
149, 4719737, 0.12568696427039394
0, 31376, 1.156784122717317
1, 62790, 1.0750227859591897
2, 94135, 1.0367126309229566
3, 125590, 1.0141780810436554
4, 156891, 1.0058190634971884
5, 188292, 0.9957976171431417
6, 219838, 0.9538055483467358
7, 251288, 0.8743755814972775
8, 282751, 0.7688845581702243
9, 314303, 0.6813167609740017
10, 345720, 0.6178592131708828
11, 377253, 0.5711347227784056
12, 408733, 0.5283806952432795
13, 440131, 0.4920483655562141
14, 471639, 0.4658041122947137
15, 503208, 0.4457342547655863
16, 534808, 0.4274123555678249
17, 566294, 0.4131171995184816
18, 597657, 0.3998930789864718
19, 629099, 0.38605612392027777
20, 660267, 0.3755800196244499
21, 691753, 0.36443565948211465
22, 723453, 0.3521350291649996
23, 754755, 0.3421498987708554
24, 786169, 0.33270996770939787
25, 817929, 0.3233670365965956
26, 849462, 0.31369140681890684
27, 880884, 0.3048966307156189
28, 912279, 0.296445708534788
29, 943925, 0.2886724272054784
30, 975230, 0.28179412589142816
31, 1006636, 0.27437585552118576
32, 1038411, 0.2678041639516526
33, 1069810, 0.26346760170672084
34, 1101292, 0.25735190898143423
35, 1132619, 0.25300384245424157
36, 1163990, 0.2508303845299797
37, 1195495, 0.2448106366518932
38, 1226894, 0.24138236459270354
39, 1258210, 0.23757381959271398
40, 1289740, 0.23540348263888236
41, 1321279, 0.2321552547715887
42, 1352729, 0.23029957942308465
43, 1384176, 0.22787386078691216
44, 1415629, 0.22598539766168635
45, 1447152, 0.22368740169176557
46, 1478716, 0.22350812909541995
47, 1510091, 0.2212903829599373
48, 1541544, 0.21948429355659027
49, 1573044, 0.21846697363255604
50, 1604550, 0.21780018425815562
51, 1635909, 0.21627544209510058
52, 1667408, 0.21514391499436053
53, 1698951, 0.21314212216628192
54, 1730380, 0.21305638430102072
55, 1761808, 0.21155473916540043
56, 1793113, 0.21068003492023313
57, 1824532, 0.21038575161667705
58, 1855927, 0.20933106306093996
59, 1887303, 0.20815930630981402
60, 1918704, 0.20851300135038275
61, 1950168, 0.20791909681368
62, 1981346, 0.20663301792062935
63, 2012804, 0.2061022900368688
64, 2044308, 0.20583736961157878
65, 2075770, 0.20620264523694087
66, 2107295, 0.20484092898110942
67, 2138763, 0.20405493140165218
68, 2170071, 0.20356618994587264
69, 2201539, 0.2041540340087192
70, 2232735, 0.20312065415539773
71, 2264019, 0.20362193441948895
72, 2295506, 0.20247559686340974
73, 2327072, 0.2021759881108275
74, 2358723, 0.20240406470117098
75, 2390280, 0.20142899260601266
76, 2421948, 0.2012948026184783
77, 2453187, 0.20128393923386034
78, 2484797, 0.20118446676357343
79, 2516169, 0.2006346548525845
80, 2547467, 0.19970323817245514
81, 2579041, 0.20001208659289882
82, 2610390, 0.20005537696965026
83, 2641699, 0.19907335954579455
84, 2673322, 0.1991668697955522
85, 2705005, 0.1996480297359907
86, 2736486, 0.19892073474332117
87, 2767867, 0.19750111666712766
88, 2799323, 0.19513165169818214
89, 2830968, 0.18770378512608946
90, 2862390, 0.1812992071901186
91, 2893787, 0.1747270104330261
92, 2925211, 0.17102538916459642
93, 2956674, 0.1668084512702322
94, 2988160, 0.16352705361142092
95, 3019572, 0.16078007242959338
96, 3051175, 0.15837728329831202
97, 3082867, 0.15694877390576223
98, 3114137, 0.15474612873143845
99, 3145568, 0.15133813744099944
100, 3176928, 0.15109351879469926
101, 3208335, 0.21458991267475405
102, 3239763, 0.20109471663519227
103, 3271163, 0.1990393185356435
104, 3302684, 0.1975282893255316
105, 3334102, 0.1948845653481115
106, 3365727, 0.1889522335607224
107, 3396985, 0.18062332626222843
108, 3428460, 0.17304226495735786
109, 3460025, 0.16781197447701762
110, 3491460, 0.1639275674431289
111, 3522883, 0.16137012828644884
112, 3554386, 0.15845450618349
113, 3585786, 0.15645981321044156
114, 3617122, 0.15382464321806927
115, 3648709, 0.15269328505814242
116, 3680210, 0.14994554868866825
117, 3711562, 0.14883237370307748
118, 3743045, 0.1474388959206319
119, 3774514, 0.14599651263641938
120, 3806037, 0.14490832387040758
121, 3837520, 0.14357435273901464
122, 3869020, 0.14477476296426905
123, 3900683, 0.14111141329687493
124, 3932286, 0.14093385296559233
125, 3963682, 0.13899016672564068
126, 3994969, 0.13830784206734884
127, 4026363, 0.13723767062758596
128, 4057853, 0.1361971519528504
129, 4089388, 0.13570793639817263
130, 4120873, 0.13500711849844868
131, 4152414, 0.1344781483846775
132, 4183895, 0.13343570818420453
133, 4215321, 0.13242191513729906
134, 4246825, 0.13252964278498205
135, 4278545, 0.1319886584361773
136, 4309927, 0.13148161870354283
137, 4341399, 0.13102935891965983
138, 4372794, 0.13104974033427044
139, 4404334, 0.1303363555511824
140, 4435774, 0.1302384312290661
141, 4467305, 0.12989732253655456
142, 4498575, 0.12971905742853393
143, 4529952, 0.12962899942140219
144, 4561368, 0.12901802180224023
145, 4592846, 0.12921700625467417
146, 4624244, 0.128780674087269
147, 4655703, 0.12853544113007098
148, 4687055, 0.12844783150934508
149, 4718404, 0.12790507639422252
0, 31642, 1.0622984209405364
1, 63146, 1.0273749943620185
2, 94508, 1.0116230383654552
3, 125851, 1.0014590825023124
4, 157462, 0.9814803365555916
5, 189049, 0.9205441094413314
6, 220494, 0.8313920647956523
7, 251859, 0.7408220974228471
8, 283330, 0.6670618657216992
9, 314706, 0.603737021371079
10, 346124, 0.5514224761352967
11, 377826, 0.5060880208073
12, 409158, 0.4648952211072998
13, 440456, 0.4389623186716277
14, 471988, 0.41984417273837943
15, 503469, 0.40205505979786266
16, 534985, 0.38662145332899517
17, 566601, 0.3727668337887534
18, 597884, 0.3600576188170612
19, 629328, 0.34804145196870223
20, 660786, 0.3374675877784053
21, 692154, 0.32761115631363136
22, 723701, 0.317088719553306
23, 755162, 0.31032941567457667
24, 786699, 0.30063793850646287
25, 818311, 0.29254421032062283
26, 849746, 0.2856708957826115
27, 881163, 0.27991969033376285
28, 912460, 0.2733897659891141
29, 943934, 0.2669918874799008
30, 975520, 0.26169283889043776
31, 1006942, 0.256121086660325
32, 1038391, 0.25210559702296603
33, 1069746, 0.24738258011778663
34, 1101103, 0.2427134367856789
35, 1132663, 0.2399939172007898
36, 1163964, 0.23590253451954782
37, 1195471, 0.23383163845687963
38, 1226959, 0.23002932382672026
39, 1258492, 0.2279853231942537
40, 1289672, 0.2244224006443376
41, 1321105, 0.22226105375812327
42, 1352670, 0.22112430813740158
43, 1384074, 0.22007804814186693
44, 1415502, 0.21825761196398158
45, 1446951, 0.21622516350900656
46, 1478296, 0.21419265104650964
47, 1509899, 0.2131725019075579
48, 1541468, 0.2118955770633105
49, 1572861, 0.2106168457597397
50, 1604387, 0.21004428339526485
51, 1635931, 0.2087422114759954
52, 1667226, 0.20829756690451337
53, 1698572, 0.206543697923223
54, 1730155, 0.20656243183131864
55, 1761659, 0.2050288979703064
56, 1792918, 0.20432614122307108
57, 1824422, 0.20415542732080413
58, 1855796, 0.20301099929832533
59, 1887346, 0.20266108580864206
60, 1918871, 0.20288233602410033
61, 1950230, 0.20157685035574024
62, 1981634, 0.20197338039057552
63, 2013149, 0.2007712848616507
64, 2044452, 0.20095889731142014
65, 2075702, 0.19995515065388383
66, 2107308, 0.20006977522030647
67, 2138931, 0.1992308294809109
68, 2170363, 0.19850501786331623
69, 2201896, 0.19559316558206893
70, 2233288, 0.18932964383194328
71, 2264811, 0.18228307352098527
72, 2296210, 0.1772252944741861
73, 2327597, 0.17317216163571464
74, 2359053, 0.17046880554551658
75, 2390460, 0.16664785446863326
76, 2422090, 0.16469274564875558
77, 2453537, 0.16263329296320056
78, 2485055, 0.16170195365114456
79, 2516584, 0.16156426333384907
80, 2548159, 0.15950301645694415
81, 2579638, 0.15708609128870274
82, 2611226, 0.15452400995162582
83, 2642822, 0.1541434027733371
84, 2674370, 0.15305123658041972
85, 2705818, 0.15177462313796605
86, 2737380, 0.15056603408723426
87, 2768798, 0.14869824942513163
88, 2800340, 0.14755377920820478
89, 2831786, 0.1464502935823282
90, 2863274, 0.14570192163378518
91, 2894751, 0.14384937686016425
92, 2926258, 0.1439297550219884
93, 2957914, 0.14211741386165433
94, 2989460, 0.1410177611597083
95, 3020753, 0.1415404094917403
96, 3052293, 0.13934843396668722
97, 3083510, 0.1394805675963251
98, 3115042, 0.13868939603864366
99, 3146411, 0.13675168278482827
100, 3177925, 0.1366143906149768
101, 3209017, 0.1376258853648219
102, 3240662, 0.13712837054781787
103, 3271954, 0.1351636452191914
104, 3303298, 0.13556060850475093
105, 3334787, 0.13470712079717193
106, 3366350, 0.13419853014647895
107, 3397866, 0.13424099760627167
108, 3429423, 0.13427494786700678
109, 3460729, 0.1329682792308469
110, 3492126, 0.13266956957856618
111, 3523461, 0.1333666915420861
112, 3554914, 0.1317880711411249
113, 3586304, 0.1321534857301971
114, 3617738, 0.13157274034498087
115, 3649272, 0.13175613012915038
116, 3680677, 0.13137147137508878
117, 3711886, 0.1311459445845241
118, 3743186, 0.13074323714399835
119, 3774802, 0.13080176857101897
120, 3806322, 0.13013452784352877
121, 3837758, 0.13056874062992477
122, 3869056, 0.13039028106268005
123, 3900460, 0.12998828490758585
124, 3932127, 0.12959714120081503
125, 3963705, 0.12931107060126548
126, 3995065, 0.1287857222277524
127, 4026361, 0.1293779487968066
128, 4057859, 0.12902207012921205
129, 4089250, 0.12876611192034335
130, 4120523, 0.1292588352674342
131, 4152111, 0.12886910200043158
132, 4183546, 0.12863981533991226
133, 4215009, 0.12934555901343373
134, 4246561, 0.12863665705696745
135, 4278070, 0.12754909571032103
136, 4309301, 0.1277267663054623
137, 4340841, 0.12758959276015946
138, 4372254, 0.128159588170898
139, 4403667, 0.1274701472104366
140, 4434996, 0.12748517743477755
141, 4466366, 0.12775924396907745
142, 4497953, 0.1273908628411033
143, 4529381, 0.1308958642719445
144, 4560821, 0.12789607206270026
145, 4592246, 0.12754564248381348
146, 4623736, 0.12725937870302598
147, 4655221, 0.1270079158721166
148, 4686898, 0.1273417873239199
149, 4718259, 0.12686366542282543
0, 31560, 1.0971372873256289
1, 62901, 1.04324993244397
2, 94223, 1.0208574459428388
3, 125791, 1.0116206376726429
4, 157261, 1.0050561557773374
5, 188507, 0.9983444877368187
6, 219955, 0.9652481393336413
7, 251644, 0.883190531898421
8, 283120, 0.7713625105428449
9, 314508, 0.6927850403738054
10, 345962, 0.6375882679186266
11, 377389, 0.5935236980065391
12, 409000, 0.5566924925817774
13, 440309, 0.5232332136239949
14, 471940, 0.4916909796442733
15, 503537, 0.46270397672009167
16, 535036, 0.43991708449896694
17, 566600, 0.4226795478786295
18, 598082, 0.40684683790285253
19, 629730, 0.3927297675749633
20, 661198, 0.38185877359454057
21, 692655, 0.3705945011480841
22, 724079, 0.35919258448745434
23, 755466, 0.3477767130230858
24, 786884, 0.3395702805149521
25, 818494, 0.33070114376517595
26, 850271, 0.3209290207955381
27, 881764, 0.31201883492189325
28, 913325, 0.30468037722959035
29, 944589, 0.296580303208949
30, 976113, 0.28822726051148373
31, 1007732, 0.280898387953408
32, 1039007, 0.27331493579234095
33, 1070368, 0.2675898471510912
34, 1102043, 0.2614087402137213
35, 1133559, 0.25482092020197045
36, 1165129, 0.2487819619893828
37, 1196426, 0.24428607917313794
38, 1227805, 0.24143743678921686
39, 1259428, 0.23610657452194642
40, 1290948, 0.23318105633488664
41, 1322359, 0.23010501044081166
42, 1354029, 0.23226262677429269
43, 1385591, 0.2275567409674939
44, 1416995, 0.22322411459579883
45, 1448574, 0.22079151781287232
46, 1479766, 0.2196384377980551
47, 1511177, 0.21857851426107866
48, 1542443, 0.21620472898722418
49, 1573911, 0.21565565243153054
50, 1605258, 0.21432477686964835
51, 1636749, 0.21239129065179804
52, 1668042, 0.21045284993133584
53, 1699555, 0.21129447436107648
54, 1730881, 0.21004672986955739
55, 1762331, 0.20813916877198174
56, 1793903, 0.20706218990380176
57, 1825071, 0.20648542658703917
58, 1856642, 0.20619876712875287
59, 1887965, 0.20566996157391557
60, 1919318, 0.2046792308029555
61, 1950803, 0.20485174947738782
62, 1982267, 0.20413285444584053
63, 2013719, 0.2036323260121735
64, 2045018, 0.2023661725789218
65, 2076427, 0.2024957832359762
66, 2107646, 0.20178212382185998
67, 2138997, 0.2018249188492608
68, 2170549, 0.20131623778745442
69, 2202234, 0.2014023498496079
70, 2233500, 0.20120214103424197
71, 2265123, 0.20041038494899382
72, 2296552, 0.1997078007817298
73, 2328046, 0.200065312715351
74, 2359501, 0.19885456054900633
75, 2391039, 0.19843330688489197
76, 2422536, 0.19600709417906872
77, 2453841, 0.19075623845391596
78, 2485195, 0.18397884245617674
79, 2516677, 0.17975043683073574
80, 2548192, 0.1738836342706768
81, 2579712, 0.17057530201478144
82, 2611389, 0.16721536374313253
83, 2642849, 0.16566392988275205
84, 2674329, 0.162642387902516
85, 2705628, 0.15999979763933728
86, 2737185, 0.15889153192617242
87, 2768726, 0.15642723015300786
88, 2800354, 0.15545523074526252
89, 2831907, 0.1534360785799059
90, 2863349, 0.15240281889559493
91, 2894626, 0.1509058451477571
92, 2926095, 0.14878875676862258
93, 2957474, 0.14676958735143916
94, 2988817, 0.14658126699704857
95, 3020260, 0.14571177798784496
96, 3051685, 0.14395088705754958
97, 3083017, 0.14323100523787988
98, 3114640, 0.1415459197699686
99, 3146114, 0.14012082219079067
100, 3177438, 0.17259953779351195
101, 3208787, 0.19298579351182066
102, 3240149, 0.1714176543946306
103, 3271402, 0.15561261652248035
104, 3302827, 0.14937172169541574
105, 3334223, 0.14550339074328053
106, 3365890, 0.14248064705503774
107, 3397596, 0.14014617728928214
108, 3429122, 0.1391812861815391
109, 3460604, 0.1360309869005568
110, 3492047, 0.1367415818414881
111, 3523571, 0.13525237521207598
112, 3555021, 0.13481950977808765
113, 3586232, 0.13392287709534384
114, 3617795, 0.13230920685883424
115, 3649296, 0.13204377097240577
116, 3680675, 0.13173394081963782
117, 3711874, 0.1319341090099818
118, 3743312, 0.13100158315761332
119, 3774817, 0.1317402265090771
120, 3806404, 0.1304281468335317
121, 3837819, 0.13042394599492732
122, 3869278, 0.13031389633737253
123, 3900874, 0.13040730923360733
124, 3932216, 0.12991951556294684
125, 3963752, 0.12998083069753272
126, 3995014, 0.1300012790600048
127, 4026407, 0.12917310538367557
128, 4057969, 0.12929905175501774
129, 4089600, 0.12918537740190936
130, 4121273, 0.12862511421352715
131, 4152730, 0.12880073328158054
132, 4184201, 0.12800429861549173
133, 4215720, 0.12809664952805874
134, 4247193, 0.12800898689831744
135, 4278639, 0.12816995619521368
136, 4309813, 0.12790231953991438
137, 4341189, 0.12778548301562753
138, 4372731, 0.12771326438963063
139, 4404343, 0.12749823007531305
140, 4435781, 0.12697144604608585
141, 4467344, 0.12695720160975732
142, 4499033, 0.12695632348437225
143, 4530479, 0.12682028759016348
144, 4561976, 0.12649381908042837
145, 4593643, 0.126642231084326
146, 4625089, 0.12644650650921635
147, 4656413, 0.12663198894123487
148, 4687807, 0.12589829075662629
149, 4719398, 0.12639438003001796
0, 31613, 1.0818941457868332
1, 62864, 1.0381538622613367
2, 94176, 1.0160860329422414
3, 125624, 1.0062223573820646
4, 156895, 0.9958068379068558
5, 188361, 0.9505652084667217
6, 219700, 0.8735042477471703
7, 251070, 0.7873091369904429
8, 282646, 0.7068759707958875
9, 314239, 0.6404919177599823
10, 345652, 0.5884236735506645
11, 377279, 0.5414964674841776
12, 408822, 0.5064605929966093
13, 440357, 0.4841086392223924
14, 471946, 0.46372863314924767
15, 503324, 0.4464465891033017
16, 534759, 0.43016222002015697
17, 566007, 0.41500245475871983
18, 597565, 0.40228182317847694
19, 628958, 0.38960436583028873
20, 660371, 0.3758379487320449
21, 691837, 0.3645365630212783
22, 723295, 0.3515199869719408
23, 754764, 0.3417060243589391
24, 786305, 0.3317365111448332
25, 817748, 0.32218367759257804
26, 849324, 0.3137013077766022
27, 880794, 0.30462630529328444
28, 912492, 0.2971109150849267
29, 943914, 0.2895986236791352
30, 975415, 0.282048836014898
31, 1006981, 0.27646584764938775
32, 1038024, 0.27013233016353283
33, 1069371, 0.26528934265560283
34, 1100650, 0.25920117997693554
35, 1132027, 0.2535473690820699
36, 1163474, 0.2500687378358112
37, 1194783, 0.24605578794918523
38, 1226124, 0.2432583302627468
39, 1257699, 0.23877570931109182
40, 1289171, 0.23569627819692351
41, 1320609, 0.2328154896937781
42, 1352119, 0.23122760467601844
43, 1383475, 0.22844738481737498
44, 1414906, 0.22720668037677816
45, 1446213, 0.2243862363786394
46, 1477629, 0.22293024850619694
47, 1509112, 0.22207750428329462
48, 1540416, 0.2197421119742516
49, 1571798, 0.21817966237386507
50, 1603240, 0.21684274722235872
51, 1634431, 0.21672720305960425
52, 1665956, 0.21628462056975953
53, 1697451, 0.21470813576030118
54, 1728789, 0.213882787774051
55, 1760144, 0.211629499711529
56, 1791627, 0.21138443679943952
57, 1822944, 0.21003258712889503
58, 1854548, 0.20994751148735794
59, 1885881, 0.2102491961303461
60, 1917142, 0.20842683464601408
61, 1948548, 0.20844781612778907
62, 1980042, 0.20710508436391534
63, 2011454, 0.20685945787286975
64, 2042778, 0.2068663179655641
65, 2074214, 0.2057764176207173
66, 2105837, 0.2063847096703113
67, 2137313, 0.20506053933767332
68, 2168627, 0.20477087612906872
69, 2199938, 0.2049414004130494
70, 2231454, 0.20438044806741001
71, 2262986, 0.20398562622155955
72, 2294393, 0.20360990892092642
73, 2325880, 0.20237470973973204
74, 2357205, 0.20248693077802807
75, 2388995, 0.20239683795881
76, 2420459, 0.2021093548596481
77, 2451683, 0.20164737749335068
78, 2483284, 0.20122329378364143
79, 2514830, 0.20254505028536907
80, 2546107, 0.2010117982611245
81, 2577758, 0.20081921161148017
82, 2609274, 0.2011709846853713
83, 2640576, 0.19961090667073714
84, 2671846, 0.2004408738139841
85, 2703392, 0.19985472913296093
86, 2734683, 0.19949371144048303
87, 2766431, 0.19942806319835782
88, 2797983, 0.20000377230303287
89, 2829422, 0.19957903781664038
90, 2861064, 0.1980703193808652
91, 2892655, 0.19459087181781534
92, 2924302, 0.18910193916810555
93, 2955574, 0.18260076558950733
94, 2987001, 0.17525107153035055
95, 3018429, 0.17080243121437885
96, 3049987, 0.16629041887646642
97, 3081632, 0.16395406804636325
98, 3113177, 0.1621105721857659
99, 3144534, 0.1584676720170226
100, 3175992, 0.15761688420430522
101, 3207428, 0.1570637945910135
102, 3238805, 0.15564598151103187
103, 3270292, 0.15372872603589738
104, 3301652, 0.15364463350990876
105, 3333139, 0.15312154889267757
106, 3364615, 0.15217272928643064
107, 3395866, 0.15075323039928176
108, 3427142, 0.1505359404160281
109, 3458514, 0.1490302479141974
110, 3489947, 0.14813285997484787
111, 3521678, 0.14693532412826432
112, 3553337, 0.14522026790313874
113, 3584774, 0.14467571062365658
114, 3616335, 0.14366231109855485
115, 3647778, 0.1415756627966368
116, 3679343, 0.14265406539843462
117, 3710753, 0.14110919694930849
118, 3742256, 0.1400725091855072
119, 3773644, 0.13881141683387463
120, 3805212, 0.13801569203347386
121, 3836578, 0.13708572400329816
122, 3867940, 0.13697891378522692
123, 3899297, 0.13622776556770747
124, 3930717, 0.13579780494225993
125, 3962175, 0.1348340795516894
126, 3993569, 0.13526970222986823
127, 4024835, 0.1597961042547008
128, 4056248, 0.13701176071476556
129, 4087647, 0.13515594434863762
130, 4119191, 0.13396849192038446
131, 4150694, 0.13309794534143207
132, 4182138, 0.1334869088771262
133, 4213545, 0.13267703198926903
134, 4245110, 0.13262439222044564
135, 4276672, 0.13147058639967404
136, 4308109, 0.13205288436658658
137, 4339509, 0.1318902019619272
138, 4371219, 0.13122812873456438
139, 4402735, 0.13063944060105803
140, 4434279, 0.13055631254004282
141, 4465651, 0.13020487569859807
142, 4497206, 0.13047392177567924
143, 4528610, 0.12974127383809841
144, 4560141, 0.12968038482669242
145, 4591576, 0.12974864191826674
146, 4623271, 0.12964151213449093
147, 4654883, 0.1294405043248929
148, 4686223, 0.1296929633071565
149, 4717666, 0.1287235898041498
0, 31461, 1.0708636734968542
1, 63003, 1.0252111942091762
2, 94569, 1.0114743357003344
3, 125929, 1.000327285615377
4, 157425, 0.9708627834974028
5, 188842, 0.904774331359361
6, 220227, 0.8161642105057634
7, 251434, 0.7357776883441298
8, 282976, 0.6690455005072021
9, 314205, 0.6130358201913145
10, 345719, 0.5690755076714439
11, 377174, 0.5297970936499765
12, 408691, 0.4945219262772565
13, 440181, 0.4680912573208884
14, 471627, 0.4471369084945641
15, 503253, 0.4292136104295648
16, 534808, 0.4151813798958774
17, 566327, 0.40019765253042316
18, 597973, 0.38742950094036877
19, 629364, 0.37680219537491344
20, 660772, 0.3650137025738633
21, 692264, 0.3550622745943396
22, 723486, 0.34634726035493313
23, 754988, 0.3372555720183423
24, 786287, 0.32813646010734765
25, 817747, 0.32017086792911803
26, 849475, 0.31261328096946966
27, 880921, 0.3047737571066606
28, 912415, 0.2987407247682806
29, 943709, 0.29137942009963985
30, 975130, 0.2872258774637629
31, 1006781, 0.2802247806079793
32, 1038334, 0.2742217473410642
33, 1069775, 0.2699048827453438
34, 1101303, 0.2644494106109335
35, 1132833, 0.25938466473938343
36, 1164252, 0.2559365598297516
37, 1195664, 0.2517295276027122
38, 1227274, 0.2486648534912171
39, 1258861, 0.24486634644072827
40, 1290320, 0.24195336880491258
41, 1321958, 0.23885886264023087
42, 1353293, 0.23619480736531706
43, 1384561, 0.23399827872396342
44, 1415999, 0.23152573356463602
45, 1447496, 0.22936186731714908
46, 1478980, 0.22710359481430362
47, 1510487, 0.22538442589113
48, 1542000, 0.22417908718195653
49, 1573353, 0.22208276323929355
50, 1604742, 0.22018337485545209
51, 1636218, 0.21942252612626967
52, 1667961, 0.2170830496527484
53, 1699325, 0.216857477563288
54, 1730809, 0.2167468196902889
55, 1762445, 0.2162661439425002
56, 1794107, 0.21295986447582105
57, 1825504, 0.2133918730555229
58, 1856915, 0.21088581224834013
59, 1888400, 0.21161057746902504
60, 1919867, 0.2100130994126886
61, 1951234, 0.20935716284775763
62, 1982512, 0.2082951180451757
63, 2013886, 0.20819555451443725
64, 2045186, 0.20741759987950387
65, 2076737, 0.207041090356816
66, 2108366, 0.20633225673852845
67, 2139873, 0.2058318329949326
68, 2171329, 0.20622305694532145
69, 2202880, 0.20430355536528857
70, 2234367, 0.20400804135479195
71, 2265838, 0.2036690164942455
72, 2297165, 0.20258324415036055
73, 2328736, 0.20255341246128727
74, 2360142, 0.20290107931900303
75, 2391508, 0.20386339012123972
76, 2423065, 0.20288375256997687
77, 2454563, 0.2021671065451834
78, 2486255, 0.20191283529216797
79, 2517822, 0.20099937965451467
80, 2549202, 0.2000582758755313
81, 2580652, 0.19991274035966838
82, 2611967, 0.20021697336101718
83, 2643357, 0.1994627289654328
84, 2674777, 0.19966700027951553
85, 2706039, 0.19961732538705299
86, 2737589, 0.1994152903812807
87, 2769046, 0.19887087269239137
88, 2800396, 0.19854416351447104
89, 2831793, 0.19869508573926878
90, 2863131, 0.19496636836617043
91, 2894714, 0.1838999201740987
92, 2926217, 0.17343772934151785
93, 2957720, 0.1679476587828813
94, 2989156, 0.16422906049047528
95, 3020438, 0.16038978812159063
96, 3051773, 0.1578917492898213
97, 3083064, 0.15585294727388962
98, 3114576, 0.15356655840509228
99, 3146001, 0.1502153804616554
100, 3177396, 0.14853222150950213
101, 3208852, 0.14790865804757872
102, 3240077, 0.1457676405089404
103, 3271411, 0.14439730523891023
104, 3302993, 0.14315571081853887
105, 3334536, 0.14147605431144827
106, 3365862, 0.14053267891797888
107, 3397415, 0.1391205989517108
108, 3428989, 0.13853106373067547
109, 3460503, 0.1370026453927443
110, 3491692, 0.13658495372930635
111, 3523180, 0.13627230781681768
112, 3554671, 0.13496281010148195
113, 3585863, 0.13432930162270973
114, 3617289, 0.1338284907924747
115, 3648615, 0.13332289122363147
116, 3679980, 0.1330993598275001
117, 3711368, 0.13185023834427825
118, 3742737, 0.1318551637156393
119, 3774107, 0.13332499531427214
120, 3805674, 0.13151516713442188
121, 3837138, 0.13104071005783383
122, 3868580, 0.13023946081392182
123, 3900164, 0.130246926428585
124, 3931539, 0.13043614717366334
125, 3962978, 0.13003878779915573
126, 3994512, 0.13023645567548334
127, 4025932, 0.129271414013556
128, 4057536, 0.12978647798928855
129, 4089234, 0.12949473040275838
130, 4120721, 0.12883518509803688
131, 4152277, 0.13238736047485336
132, 4183734, 0.12910401568300262
133, 4215004, 0.12846427058499976
134, 4246374, 0.12865434674950949
135, 4278064, 0.1279901302916547
136, 4309563, 0.12844616483342178
137, 4340989, 0.1280513400784291
138, 4372443, 0.12749186129729312
139, 4403665, 0.12778163665230788
140, 4435268, 0.1271975623093549
141, 4466967, 0.12748706552030278
142, 4498351, 0.1271837063160245
143, 4530091, 0.12733501961803415
144, 4561709, 0.12700011945766423
145, 4592873, 0.12643115276577108
146, 4624542, 0.12684876490551553
147, 4656041, 0.12720080470690048
148, 4687340, 0.1265751035929662
149, 4718856, 0.1263716088257845
0, 31524, 1.0779081953922545
1, 63072, 1.0378975400804311
2, 94494, 1.0185815573363426
3, 126003, 1.0056383487042833
4, 157484, 0.9855629133760285
5, 189015, 0.9396916231662584
6, 220637, 0.8692288011450797
7, 252013, 0.7773085622745134
8, 283505, 0.6948308195537215
9, 314997, 0.6237270762085336
10, 346716, 0.5713604862262509
11, 378157, 0.5292383232435917
12, 409768, 0.49539945464391416
13, 441169, 0.4649695871952281
14, 472827, 0.4420310643784569
15, 504240, 0.4237698429497106
16, 535534, 0.408920284029866
17, 566771, 0.3936588928892194
18, 598346, 0.3827290997646851
19, 629641, 0.36906185476448583
20, 661082, 0.35879586827331106
21, 692569, 0.34886349829846897
22, 724074, 0.3385454921911016
23, 755727, 0.3303929106755484
24, 787401, 0.3225986133970214
25, 818842, 0.31470839387465016
26, 849971, 0.30706686404414907
27, 881539, 0.29916765217356517
28, 913122, 0.2942882218783353
29, 944730, 0.2874587651776022
30, 976147, 0.28100598917799646
31, 1007461, 0.2762254928916876
32, 1039023, 0.2710571495966823
33, 1070349, 0.2655463381067236
34, 1101768, 0.2612544677096334
35, 1133055, 0.2552971637392841
36, 1164341, 0.2513852315967825
37, 1195935, 0.24655178432593403
38, 1227213, 0.24440334610545664
39, 1258651, 0.24059960377307807
40, 1290090, 0.23638817669516707
41, 1321484, 0.2323210655861817
42, 1352822, 0.23206763372481645
43, 1384262, 0.22895330293590915
44, 1415609, 0.22656148120477224
45, 1447056, 0.22466007844255415
46, 1478493, 0.22276063862900328
47, 1509815, 0.22039756473896646
48, 1541332, 0.21905189356587623
49, 1572902, 0.21741006424192005
50, 1604522, 0.21581716543873494
51, 1635842, 0.21495752172462904
52, 1667482, 0.21323200875026627
53, 1699048, 0.21278505958896016
54, 1730532, 0.2115073160625634
55, 1761881, 0.21077117142350563
56, 1793212, 0.20895399840600473
57, 1824729, 0.20903996114470128
58, 1856253, 0.20779115272551374
59, 1887965, 0.2085853175103169
60, 1919318, 0.20649585518899263
61, 1950745, 0.20732812100511305
62, 1981908, 0.20644501812267954
63, 2013223, 0.20547837931764712
64, 2044630, 0.2043656615019297
65, 2076040, 0.2044527046564731
66, 2107613, 0.20349907157528735
67, 2139087, 0.20364272492560223
68, 2170534, 0.20177237973617698
69, 2201885, 0.20240231833028333
70, 2233369, 0.2024625612492252
71, 2264882, 0.2016609318484485
72, 2296132, 0.20068074564708946
73, 2327457, 0.20088753480240593
74, 2359123, 0.20104715662884148
75, 2390423, 0.19966624621256604
76, 2422027, 0.19941530206633357
77, 2453375, 0.19963483134833226
78, 2484873, 0.1991199130250032
79, 2516445, 0.1998395324185539
80, 2547785, 0.19821130245164134
81, 2579299, 0.19861072830605245
82, 2610912, 0.19846637812897974
83, 2642408, 0.19813561753104997
84, 2673753, 0.1979879299033062
85, 2705125, 0.19841459017306698
86, 2736912, 0.19847724617679793
87, 2768247, 0.1969739222903698
88, 2799754, 0.19698140218313692
89, 2831009, 0.19749731718201824
90, 2862174, 0.1968838706954569
91, 2893684, 0.1957838387078726
92, 2925181, 0.194552210839089
93, 2956604, 0.18541177133932885
94, 2988115, 0.17841689075538575
95, 3019714, 0.17114919203682544
96, 3051065, 0.16593772190349604
97, 3082579, 0.16313853344205415
98, 3114152, 0.16049269173054134
99, 3145715, 0.15856958237817784
100, 3177217, 0.1569543435736095
101, 3208666, 0.15560565246001423
102, 3240091, 0.1537071212411049
103, 3271497, 0.1528453868493563
104, 3302939, 0.1505593478894103
105, 3334456, 0.1497135796205733
106, 3365926, 0.14866910368996572
107, 3397517, 0.14858203345314294
108, 3429180, 0.20107294217705415
109, 3460678, 0.1960708366629305
110, 3492073, 0.19588893123109094
111, 3523340, 0.19406772563820468
112, 3554850, 0.18822189551904708
113, 3586280, 0.17171858222057024
114, 3617565, 0.16101728907865198
115, 3648969, 0.15564786944432993
116, 3680260, 0.15193060715153014
117, 3711784, 0.1504960834433345
118, 3743240, 0.1492455042414576
119, 3774592, 0.14691723390721748
120, 3806011, 0.14571167069747673
121, 3837239, 0.1442468453782339
122, 3868758, 0.1436115668079252
123, 3900176, 0.14152287145071404
124, 3931684, 0.14131589413192464
125, 3963354, 0.14054255194120763
126, 3994738, 0.13958538099036774
127, 4026155, 0.1393285637149288
128, 4057606, 0.13861278933842341
129, 4089195, 0.1373235375149387
130, 4120611, 0.13666161434348817
131, 4152136, 0.13605014692646306
132, 4183832, 0.1349067949414719
133, 4215046, 0.13445171426538596
134, 4246636, 0.13360539079699987
135, 4278088, 0.1342292784200778
136, 4309649, 0.13258390045175278
137, 4341275, 0.13167251713678702
138, 4372793, 0.13227845866650595
139, 4404198, 0.13144047211542567
140, 4435760, 0.13065077465708694
141, 4467160, 0.1306300740892082
142, 4498679, 0.13079576534706946
143, 4530136, 0.130438359077995
144, 4561749, 0.13088219820481226
145, 4593225, 0.1302133292936608
146, 4624573, 0.13001508550274363
147, 4655929, 0.1300012122530079
148, 4687357, 0.12925337669808337
149, 4718790, 0.12902246043718688
0, 31553, 1.0449318475426899
1, 62906, 1.021373270316675
2, 94285, 1.0117100266193215
3, 125732, 1.005892826072408
4, 157030, 0.9848486667796186
5, 188545, 0.916106132271546
6, 220130, 0.830902586012984
7, 251646, 0.7507944685407201
8, 283086, 0.6746919926739791
9, 314322, 0.6048315730486203
10, 345779, 0.5561759894225263
11, 377067, 0.5191758946992003
12, 408515, 0.49002183655964393
13, 439949, 0.4660439935607565
14, 471527, 0.4469106609716521
15, 503062, 0.4302218086772148
16, 534593, 0.41454632024686977
17, 565866, 0.40150178699897165
18, 597412, 0.38812400401303554
19, 628680, 0.37693902645527966
20, 659998, 0.3647252920679172
21, 691185, 0.3540420162033987
22, 722708, 0.3434026206162199
23, 754016, 0.33386069656963396
24, 785458, 0.32481129943382475
25, 816875, 0.3160684902610541
26, 848319, 0.30885746609447357
27, 879911, 0.30082094738200676
28, 911330, 0.2929700026465034
29, 942770, 0.2857829416804373
30, 974272, 0.2801292203957158
31, 1005760, 0.273007488491295
32, 1037067, 0.26688563948271515
33, 1068571, 0.26185933740517364
34, 1100200, 0.25694934022126026
35, 1131621, 0.2527325999464261
36, 1162918, 0.2486410073504247
37, 1194201, 0.24504881381539279
38, 1225831, 0.2415928828412581
39, 1257436, 0.24000543253127102
40, 1289037, 0.23437104248844884
41, 1320413, 0.23354009184633426
42, 1351812, 0.23213953763216602
43, 1383316, 0.23013191972683125
44, 1414612, 0.2274530353531698
45, 1446149, 0.22621122552054407
46, 1477549, 0.22487024559761679
47, 1509150, 0.2241327015497361
48, 1540753, 0.2223372632414326
49, 1572284, 0.21990125197448743
50, 1603911, 0.21845863914411276
51, 1635297, 0.21745066915696776
52, 1666745, 0.2162585313989021
53, 1698234, 0.215154994906998
54, 1729706, 0.21415897817504448
55, 1761216, 0.21363257983890413
56, 1792580, 0.21237864758202438
57, 1824041, 0.21195176624900802
58, 1855546, 0.21186156261621436
59, 1887013, 0.21031365264897423
60, 1918600, 0.21031098396267325
61, 1949997, 0.21005102655015892
62, 1981318, 0.20913739743286058
63, 2012847, 0.20838463539314633
64, 2044450, 0.20882389755047182
65, 2076021, 0.20786135637547276
66, 2107485, 0.20656379166393224
67, 2138991, 0.207474257105975
68, 2170379, 0.20543489425677364
69, 2201881, 0.20604967104811117
70, 2233331, 0.20558487238019865
71, 2264894, 0.2045734068619839
72, 2296248, 0.20457660282032641
73, 2327792, 0.2046532778952401
74, 2359182, 0.20437628776793593
75, 2390560, 0.20317339613706978
76, 2422153, 0.20278796763837023
77, 2453571, 0.20270615302532796
78, 2485065, 0.2025360031927674
79, 2516643, 0.20210779724752764
80, 2548078, 0.20227327280406449
81, 2579581, 0.20152557078255345
82, 2611032, 0.20113166217525077
83, 2642489, 0.20120231468232527
84, 2674127, 0.20172887871450867
85, 2705526, 0.2012648586130059
86, 2737028, 0.20076721335302494
87, 2768403, 0.20032694473276355
88, 2799879, 0.20021533372658418
89, 2831551, 0.2003542321821425
90, 2862851, 0.20019512204949155
91, 2894378, 0.19917736754916016
92, 2925982, 0.1995149621287283
93, 2957318, 0.19879531238751527
94, 2988930, 0.19963360855280965
95, 3020528, 0.19825005163533496
96, 3052002, 0.19836315783915165
97, 3083308, 0.194312485683412
98, 3114576, 0.18801071629844163
99, 3146085, 0.18010061537333286
100, 3177587, 0.17545057033911896
101, 3208952, 0.17124962387228362
102, 3240393, 0.16811581461208824
103, 3271466, 0.1647482598278899
104, 3302746, 0.16171918711466188
105, 3334241, 0.15971633260326346
106, 3365676, 0.15941466701379958
107, 3397233, 0.15798161701945337
108, 3428604, 0.15720113921366202
109, 3460062, 0.15530816803349126
110, 3491620, 0.15463062331816385
111, 3523044, 0.15205019272554018
112, 3554597, 0.16015443767929594
113, 3585952, 0.15314989724718509
114, 3617473, 0.1520005168150703
115, 3649041, 0.150252361636673
116, 3680451, 0.14882392916087542
117, 3711973, 0.1475726441688501
118, 3743531, 0.14685849878378368
119, 3774910, 0.14608993378671387
120, 3806474, 0.1441055281896274
121, 3838141, 0.1430800868280545
122, 3869580, 0.14311206964524953
123, 3901156, 0.14141032798059716
124, 3932627, 0.1407946929839867
125, 3963998, 0.13944774819927241
126, 3995522, 0.13944795789420827
127, 4027054, 0.13850191083592264
128, 4058370, 0.13813669887434932
129, 4089936, 0.1370977246452225
130, 4121377, 0.1362994159117784
131, 4152840, 0.13505454038376502
132, 4184329, 0.13711323730950728
133, 4215642, 0.1348652891188721
134, 4247255, 0.13445934310633761
135, 4278856, 0.13342147557578998
136, 4310540, 0.13369032810754145
137, 4341928, 0.1330806685210274
138, 4373384, 0.13358798064468647
139, 4404578, 0.13221201028557752
140, 4436065, 0.131885071809169
141, 4467543, 0.13176213888617644
142, 4499012, 0.13200298481208433
143, 4530506, 0.13139099191699308
144, 4561867, 0.13115908835200207
145, 4593439, 0.1310655588950587
146, 4625149, 0.13075845204573144
147, 4656418, 0.13035616968738994
148, 4688102, 0.1304849154485916
149, 4719376, 0.13046152589149693
0, 31668, 1.0791029454294703
1, 62911, 1.0330299499923874
2, 94263, 1.0149814716355612
3, 125698, 1.006797224563902
4, 157057, 1.0019570576809689
5, 188507, 1.000673809387729
6, 219881, 0.9920749274578591
7, 251221, 0.9410787352131601
8, 282623, 0.8431840338800588
9, 314118, 0.7429598665201612
10, 345528, 0.6574457717713874
11, 377103, 0.5897327002901946
12, 408588, 0.5409458580562779
13, 439993, 0.5009648823996873
14, 471584, 0.4674982998116746
15, 503108, 0.44250255380580567
16, 534758, 0.4249599780275691
17, 566149, 0.4095758329573412
18, 597546, 0.3974274383259453
19, 629160, 0.3847499062968895
20, 660739, 0.3733597905686239
21, 692318, 0.36455951707025874
22, 723841, 0.3530001318182202
23, 755416, 0.34321799704240025
24, 786846, 0.3352673596996673
25, 818281, 0.3279811464146164
26, 850038, 0.320489919788321
27, 881633, 0.31183110036151346
28, 913057, 0.30532224632510346
29, 944475, 0.2989865779342461
30, 975901, 0.29183047882040997
31, 1007553, 0.2863994729557947
32, 1039224, 0.27948497487770285
33, 1070821, 0.2748739979487114
34, 1102352, 0.2687498489925177
35, 1133841, 0.2632192586093594
36, 1165076, 0.25771259306079314
37, 1196536, 0.2533476824198927
38, 1227931, 0.24884820452672549
39, 1259278, 0.2451656923305777
40, 1290622, 0.24166529538882256
41, 1321934, 0.23829241252837088
42, 1353416, 0.23573667273265075
43, 1384832, 0.23280260246402343
44, 1416293, 0.23134437682345774
45, 1448051, 0.22857742741660694
46, 1479663, 0.22624490825765461
47, 1511100, 0.22561661174370903
48, 1542687, 0.22271265208146962
49, 1574197, 0.2212436706148394
50, 1605677, 0.21878711869526352
51, 1637217, 0.21915163011690714
52, 1668665, 0.2184442488618778
53, 1700029, 0.21548466406039155
54, 1731511, 0.21569344757553693
55, 1763060, 0.2132013826338805
56, 1794553, 0.21218879347188166
57, 1826090, 0.21165053876105774
58, 1857463, 0.21036671918630104
59, 1889037, 0.20993495841537008
60, 1920582, 0.2084726425809939
61, 1951998, 0.2083447900260834
62, 1983562, 0.20788503430791133
63, 2015040, 0.20698705593343913
64, 2046492, 0.20556255254796638
65, 2078088, 0.20545141074855922
66, 2109416, 0.20541588319002338
67, 2140845, 0.20416031928123463
68, 2172477, 0.20333062061834647
69, 2204005, 0.20274574782363367
70, 2235575, 0.20197260025800398
71, 2267199, 0.20208765945580584
72, 2298628, 0.20162862705453083
73, 2330160, 0.20077149266803498
74, 2361609, 0.20100992294146694
75, 2393035, 0.20102944632661104
76, 2424498, 0.1993878273827123
77, 2456062, 0.1989974608022373
78, 2487521, 0.19890852833535294
79, 2519205, 0.1992892814895043
80, 2550681, 0.19786834732909767
81, 2582107, 0.19742990884983144
82, 2613477, 0.19799277188655032
83, 2645245, 0.19719114660457365
84, 2676635, 0.19778912376333538
85, 2707863, 0.19732096372233632
86, 2739274, 0.19712821593114063
87, 2770821, 0.19226088577555173
88, 2802264, 0.18132880456228234
89, 2833631, 0.1715733843741294
90, 2865018, 0.16551052868684896
91, 2896268, 0.15989275139489115
92, 2927711, 0.15578426503126783
93, 2959316, 0.15449651211895093
94, 2990752, 0.151510835299088
95, 3022293, 0.1500028472711855
96, 3053867, 0.1470690824627643
97, 3085335, 0.1455969003700991
98, 3116901, 0.14677435899940766
99, 3148435, 0.14400347265205396
100, 3179768, 0.14257611301519002
101, 3211154, 0.14155008259826293
102, 3242426, 0.14071668837048312
103, 3273795, 0.1383371885503844
104, 3305118, 0.136995337304915
105, 3336554, 0.13636814070385184
106, 3368061, 0.13595870264195348
107, 3399684, 0.13461708486365562
108, 3431073, 0.13480330617528002
109, 3462363, 0.13348555112816274
110, 3493886, 0.13405805479091895
111, 3525361, 0.13279946443888688
112, 3556597, 0.13218221442866201
113, 3588143, 0.13241721676479776
114, 3619780, 0.13135152705567174
115, 3651348, 0.13092061531494992
116, 3682865, 0.13129034053112987
117, 3714157, 0.1301656994695048
118, 3745651, 0.12975738002998527
119, 3777154, 0.12910107308336616
120, 3808915, 0.12970617290985198
121, 3840490, 0.12943231524983537
122, 3872054, 0.1289148206350532
123, 3903395, 0.12894873717961117
124, 3935006, 0.12873739947272056
125, 3966528, 0.12829311589191195
126, 3997900, 0.1285940092646903
127, 4029267, 0.14126327887914195
128, 4060901, 0.130627388547228
129, 4092540, 0.12909449278460577
130, 4124090, 0.12842977352500123
131, 4155330, 0.12869563499102213
132, 4186962, 0.12823797989521027
133, 4218569, 0.12810923810066788
134, 4249947, 0.12740482497833314
135, 4281373, 0.1273920859721761
136, 4312874, 0.12779585958000708
137, 4344496, 0.12722446779937388
138, 4375907, 0.12740834255420955
139, 4407479, 0.12688754060980484
140, 4438898, 0.1263743621521471
141, 4470660, 0.1269504777364512
142, 4501970, 0.12649732022550145
143, 4533401, 0.12646470722894282
144, 4564688, 0.12638748591993273
145, 4596186, 0.12614499168283294
146, 4627680, 0.12682744139859178
147, 4658959, 0.12591007408544871
148, 4690595, 0.12609296829019376
149, 4722258, 0.12620024892021947
0, 31449, 1.0627775786278622
1, 62860, 1.0276627919285029
2, 94354, 1.010158665565331
3, 126240, 1.005522088660815
4, 157642, 0.9992017390395854
5, 189354, 0.9736621884626524
6, 221095, 0.9094788973057664
7, 252495, 0.8213345092725659
8, 284058, 0.7356120208220291
9, 315238, 0.6552071990330854
10, 346875, 0.5878173587888559
11, 378458, 0.5378186874140701
12, 409843, 0.4969662533824562
13, 441320, 0.4647678519979358
14, 472785, 0.4395400706448027
15, 504176, 0.41931515588050516
16, 535579, 0.40430060430479003
17, 566716, 0.3886621419835776
18, 598091, 0.376680242472856
19, 629362, 0.3644485202710535
20, 660802, 0.35372152516663574
21, 692203, 0.3427232183029385
22, 723685, 0.3324943500165541
23, 755196, 0.32229701931411603
24, 786669, 0.3124988769164324
25, 817920, 0.30354636264278423
26, 849453, 0.296505598455154
27, 880851, 0.2878765042931556
28, 912240, 0.2814416018224895
29, 943845, 0.2747398565082696
30, 975384, 0.2683371766427569
31, 1006833, 0.2633592542444414
32, 1038152, 0.2579333931691056
33, 1069687, 0.25273146438951766
34, 1100844, 0.24782675745903232
35, 1132393, 0.24416541684610032
36, 1163834, 0.24002029064712324
37, 1195123, 0.23476779834119132
38, 1226723, 0.23302756370823532
39, 1258250, 0.22996015711916193
40, 1289680, 0.2264179106378777
41, 1321279, 0.22565292689664182
42, 1352604, 0.22484199390527598
43, 1384130, 0.22251451728387264
44, 1415585, 0.22001899637582484
45, 1447149, 0.2178695491197068
46, 1478577, 0.21689796767423639
47, 1510160, 0.21572966504898405
48, 1541508, 0.21405172369027023
49, 1572933, 0.21404388430184798
50, 1604274, 0.21200297136055793
51, 1635651, 0.21310426828967632
52, 1667308, 0.21043018002231131
53, 1698706, 0.21032371169045422
54, 1730184, 0.21012102344156602
55, 1761867, 0.20804658437530898
56, 1793115, 0.2079842456086406
57, 1824581, 0.2077000004768924
58, 1856179, 0.20639551432850708
59, 1887419, 0.20535363498808246
60, 1918660, 0.2055692867813241
61, 1950196, 0.20538202480466503
62, 1981676, 0.20555338152441788
63, 2013000, 0.2040150216320434
64, 2044526, 0.2039898624131134
65, 2076025, 0.2035519939747188
66, 2107604, 0.20275671083780203
67, 2139263, 0.202947512393218
68, 2170724, 0.2026121237836101
69, 2202259, 0.20291870011617993
70, 2233618, 0.20104500379559884
71, 2265188, 0.20069530360357526
72, 2296447, 0.20019987634470526
73, 2328008, 0.20035594507534762
74, 2359495, 0.19991925593245924
75, 2390860, 0.20016102194488056
76, 2422351, 0.19993783876645532
77, 2453673, 0.19940346398622777
78, 2485098, 0.19896015378941634
79, 2516310, 0.19892682541834697
80, 2547826, 0.19538001844518713
81, 2579161, 0.19058704291878473
82, 2610450, 0.18331388450235536
83, 2641899, 0.1780390373430947
84, 2673288, 0.17318160095339563
85, 2704791, 0.17171982782033984
86, 2736320, 0.1668356495359902
87, 2767702, 0.16355767729199422
88, 2799373, 0.16226345769507414
89, 2830780, 0.16070315979433833
90, 2862336, 0.15876418193675462
91, 2894076, 0.1579157209759402
92, 2925636, 0.1564427804102695
93, 2957056, 0.155439512417121
94, 2988461, 0.15408941135394544
95, 3019930, 0.1537173927969092
96, 3051306, 0.15242813315065312
97, 3082770, 0.15110938261967322
98, 3114125, 0.14991944530207407
99, 3145495, 0.14909616396484188
100, 3176866, 0.14784697391786195
101, 3208387, 0.14629852826173634
102, 3239776, 0.145661114397089
103, 3271179, 0.14336023842866538
104, 3302488, 0.14269691295966802
105, 3334071, 0.14182929556132706
106, 3365621, 0.14108560969393885
107, 3397038, 0.13966011460923905
108, 3428265, 0.1386237132806031
109, 3459616, 0.13782423637678104
110, 3491126, 0.1377225896367818
111, 3522368, 0.13661184511448732
112, 3553878, 0.13493958935874278
113, 3585558, 0.13552612177141432
114, 3616911, 0.13419163534491552
115, 3648323, 0.13385139138937185
116, 3679598, 0.13390430807789097
117, 3710958, 0.1327776478786867
118, 3742601, 0.1324278071993564
119, 3774241, 0.1328138103412217
120, 3805828, 0.1314869311357924
121, 3837500, 0.13195995776259692
122, 3868971, 0.13164941524561719
123, 3900625, 0.13138358042510975
124, 3931955, 0.13078680602569617
125, 3963586, 0.13051152412977074
126, 3995022, 0.1308564654344746
127, 4026550, 0.13051053464575135
128, 4058092, 0.12976863811139872
129, 4089761, 0.12975747424095757
130, 4121389, 0.12977676283208556
131, 4152738, 0.12943496061422693
132, 4184143, 0.12906973849373587
133, 4215417, 0.12892227516369492
134, 4246813, 0.12871025776755726
135, 4277958, 0.12850343854447333
136, 4309213, 0.1285450998379386
137, 4340703, 0.12824204636302386
138, 4372143, 0.1283862516116266
139, 4403507, 0.12793624196501768
140, 4435044, 0.1275801026231744
141, 4466563, 0.12795419100528424
142, 4497970, 0.12809253804348175
143, 4529313, 0.12767783795158183
144, 4560866, 0.1275746807121436
145, 4592304, 0.12741374040164488
146, 4623978, 0.1272037799727374
147, 4655340, 0.12721285553290196
148, 4686862, 0.1280793770448764
149, 4718353, 0.12746297893523523
0, 31259, 1.073383979869388
1, 62788, 1.0345617724551672
2, 94258, 1.0170906560282509
3, 125737, 1.0081713198780722
4, 157099, 1.0034208920550067
5, 188282, 0.99631628445193
6, 219710, 0.9663066167790132
7, 251087, 0.881132981188871
8, 282370, 0.7766734041407102
9, 313786, 0.6837276270853295
10, 345101, 0.618066654040207
11, 376529, 0.5667015576850336
12, 408057, 0.5289387552591092
13, 439465, 0.5007185659706647
14, 470878, 0.47694824095300475
15, 502370, 0.4548777784874408
16, 534016, 0.437403507980746
17, 565398, 0.4195821890490302
18, 596868, 0.4040763324163291
19, 628338, 0.3915788704231086
20, 659796, 0.3779115747564271
21, 691276, 0.3665605867455545
22, 722578, 0.35508693648584827
23, 754084, 0.34449581232729287
24, 785473, 0.33570071781581157
25, 816961, 0.3260087623999007
26, 848267, 0.31949595208639364
27, 879706, 0.309892209706431
28, 911154, 0.3026610878617227
29, 942414, 0.29456682315047505
30, 974015, 0.28864808635981637
31, 1005083, 0.28204116284916103
32, 1036593, 0.2756154319200221
33, 1067995, 0.2711270132918776
34, 1099580, 0.2655978781083005
35, 1131211, 0.26094365680271103
36, 1162728, 0.2560875754344534
37, 1194077, 0.2517983478581941
38, 1225807, 0.24880849682451028
39, 1257356, 0.24522487358204698
40, 1288955, 0.2419599874746601
41, 1320322, 0.2379811159021482
42, 1351947, 0.23536298279017454
43, 1383533, 0.23431899454187688
44, 1414830, 0.2314240555427289
45, 1446304, 0.2313711797017046
46, 1477818, 0.22714585515426858
47, 1509147, 0.22572281298428398
48, 1540762, 0.22367052341973026
49, 1572244, 0.22216962531443818
50, 1603872, 0.22012592222818328
51, 1635372, 0.21876643776202415
52, 1666757, 0.2171011803543557
53, 1698081, 0.21741349282539627
54, 1729501, 0.2166121209999543
55, 1761137, 0.21402544565946122
56, 1792652, 0.2133414201795731
57, 1824324, 0.21300847010096766
58, 1855811, 0.2116911392827123
59, 1887353, 0.21109830697397594
60, 1918612, 0.20972874618657758
61, 1950189, 0.20918478537539598
62, 1981696, 0.2094434620317209
63, 2013210, 0.20773311463075694
64, 2044534, 0.2073921540472342
65, 2075966, 0.2071602973495562
66, 2107346, 0.20599665665408307
67, 2138877, 0.20613410694331172
68, 2170632, 0.20422982468053905
69, 2202261, 0.20490462896540118
70, 2233661, 0.2044835471996024
71, 2265255, 0.20410313396858448
72, 2296612, 0.20323177865591452
73, 2327938, 0.20328490021098022
74, 2359566, 0.20286956144136015
75, 2391076, 0.20299047574110643
76, 2422584, 0.20168143698117727
77, 2454134, 0.20195998819393354
78, 2485597, 0.20155966501583994
79, 2516900, 0.20286603032253608
80, 2548484, 0.20232340591324438
81, 2579964, 0.20079811183087765
82, 2611593, 0.20144242583641228
83, 2642958, 0.2004874107987118
84, 2674451, 0.20058869036555083
85, 2705919, 0.20033415412300318
86, 2737610, 0.19988140901918877
87, 2768988, 0.19960021851626722
88, 2800603, 0.19969710278577968
89, 2832156, 0.19930817844450957
90, 2863492, 0.19947640640919595
91, 2894993, 0.19920159622834155
92, 2926367, 0.19828029169052466
93, 2957537, 0.20000449159030806
94, 2989041, 0.19930874139941368
95, 3020696, 0.19880361141557393
96, 3052206, 0.1982843291211773
97, 3083690, 0.19847155951526457
98, 3115112, 0.1980501928994267
99, 3146340, 0.1966003563238438
100, 3177966, 0.19254634928694017
101, 3209278, 0.18362154674768524
102, 3240777, 0.1762719114837189
103, 3272373, 0.17149383001917978
104, 3303642, 0.1677778479459927
105, 3335153, 0.16453262171768063
106, 3366419, 0.16196353932426982
107, 3397810, 0.1634760908220477
108, 3429082, 0.1597661247413334
109, 3460662, 0.15832548998825727
110, 3492233, 0.15638755068452856
111, 3523626, 0.15556080487752438
112, 3555240, 0.153803149821254
113, 3586919, 0.15241980115880843
114, 3618428, 0.1503923919183732
115, 3649744, 0.15056694223304704
116, 3681299, 0.14899789753143533
117, 3713092, 0.14840426956443428
118, 3744441, 0.14695262740736928
119, 3775941, 0.14663847667860955
120, 3807424, 0.14504048227376523
121, 3838777, 0.1445580728378413
122, 3870322, 0.143547734978218
123, 3901736, 0.14263440352566015
124, 3933310, 0.14145931121475847
125, 3964949, 0.14249288619237452
126, 3996390, 0.14063149742560685
127, 4028023, 0.13998976079975015
128, 4059419, 0.1391512567908637
129, 4091028, 0.13834794607515907
130, 4122518, 0.1372444738159518
131, 4154071, 0.13778153083874461
132, 4185644, 0.136614556433809
133, 4217118, 0.13678036394494086
134, 4248572, 0.13513996336132708
135, 4279705, 0.1349264075687363
136, 4311040, 0.1350154436558673
137, 4342431, 0.1346343362051707
138, 4373622, 0.13386007638663774
139, 4405324, 0.13369150512546776
140, 4436771, 0.1335687136921661
141, 4468316, 0.13337310210091896
142, 4499860, 0.1322733123394976
143, 4531298, 0.13283504836848012
144, 4562703, 0.1319668569801172
145, 4594111, 0.13098447098240007
146, 4625749, 0.13067830094141447
147, 4657237, 0.13120433283974167
148, 4688549, 0.1313889418006128
149, 4720063, 0.1307997129677209
0, 31468, 1.0762682402777068
1, 62952, 1.0364433498452061
2, 94359, 1.0174997158166912
3, 126134, 1.0072596728377465
4, 157537, 1.001292967938005
5, 188961, 0.9939752676114965
6, 220421, 0.9241855530668359
7, 251761, 0.7956954516252279
8, 283393, 0.7078573114628605
9, 314890, 0.6348239589226082
10, 346524, 0.572784310705676
11, 378039, 0.524551504278088
12, 409573, 0.49252178962002713
13, 440955, 0.4706286961821498
14, 472457, 0.44993736085751396
15, 503921, 0.433747935446863
16, 535421, 0.41794799199163296
17, 567103, 0.4026401897196748
18, 598516, 0.3903634263254399
19, 629718, 0.37805941501753104
20, 660929, 0.36659922082836766
21, 692302, 0.3567244671595451
22, 723636, 0.34473828814731067
23, 755163, 0.33562753430482073
24, 786751, 0.3267481282552043
25, 818279, 0.31711705372201926
26, 849954, 0.30945158843307585
27, 881282, 0.3001748898464282
28, 912581, 0.29232826019012015
29, 944046, 0.2871240140000877
30, 975602, 0.27910667614571183
31, 1006984, 0.2724649034189683
32, 1038432, 0.26638320575671215
33, 1069920, 0.2603743762968639
34, 1101515, 0.25413121011762646
35, 1132942, 0.24986322984256396
36, 1164309, 0.2458078382649251
37, 1195720, 0.2411217622595618
38, 1227156, 0.23921082453879317
39, 1258627, 0.23457667724226092
40, 1290381, 0.2310805919520123
41, 1321774, 0.2281560808377813
42, 1353283, 0.2274223767581906
43, 1384697, 0.22484543542626056
44, 1416211, 0.22187499109454556
45, 1447573, 0.22043786900690737
46, 1479005, 0.21753210626999464
47, 1510488, 0.2170265251522039
48, 1541959, 0.21583525287354413
49, 1573290, 0.21493498694207366
50, 1604913, 0.21286148966518675
51, 1636395, 0.21229539067964717
52, 1668001, 0.21143212471158282
53, 1699469, 0.21097501628441653
54, 1731097, 0.2104482444392601
55, 1762294, 0.2095959191299986
56, 1793732, 0.20846341504727622
57, 1825218, 0.20778745341639332
58, 1856635, 0.2068268476449868
59, 1888017, 0.20638978406600997
60, 1919486, 0.20585724769553398
61, 1950877, 0.20628038994695438
62, 1982283, 0.2051089977107059
63, 2013484, 0.20466268943729538
64, 2045000, 0.20353362363999106
65, 2076447, 0.20355285847536977
66, 2108099, 0.2021909851473537
67, 2139600, 0.20301521392464825
68, 2171118, 0.20219273661544077
69, 2202473, 0.2020001557869314
70, 2234024, 0.20123978294364
71, 2265461, 0.2014484039858392
72, 2296897, 0.2012577221751276
73, 2328188, 0.2010151605605786
74, 2359724, 0.20054025745324777
75, 2391024, 0.1991748256121725
76, 2422557, 0.2001332057131758
77, 2453886, 0.1989091040615721
78, 2485617, 0.19966361888316106
79, 2516980, 0.19570579413916414
80, 2548525, 0.19104010398407267
81, 2579896, 0.18466863651221316
82, 2611274, 0.1826635992986666
83, 2642824, 0.1756923515553234
84, 2674281, 0.1727202488588278
85, 2705829, 0.16996915790923336
86, 2737250, 0.16652464611867415
87, 2768753, 0.16461473350428574
88, 2800185, 0.16252835022856055
89, 2831813, 0.1615704655137126
90, 2863524, 0.16000679500431195
91, 2894950, 0.15841744506621364
92, 2926519, 0.15810336875569828
93, 2957987, 0.15705238003397973
94, 2989447, 0.15568794356002183
95, 3021028, 0.15553506272332962
96, 3052417, 0.15427641322838628
97, 3083727, 0.15360643894574763
98, 3115243, 0.1524607407773099
99, 3146601, 0.15106430947977026
100, 3177995, 0.14995430266631304
101, 3209662, 0.1489270181373184
102, 3241243, 0.1491625995820896
103, 3272858, 0.14757162555287248
104, 3304521, 0.14604047395320913
105, 3336077, 0.1452652535253967
106, 3367757, 0.14472469989441722
107, 3399327, 0.14344048734961645
108, 3430658, 0.14362707507351422
109, 3462199, 0.14096228284678494
110, 3493508, 0.1412827365909038
111, 3525055, 0.1403612809384606
112, 3556328, 0.1388391949466336
113, 3587788, 0.1386537857097543
114, 3619255, 0.13770189327209578
115, 3650711, 0.13733947172582786
116, 3682252, 0.1371673949423045
117, 3713685, 0.1359981180581081
118, 3745200, 0.13523569325700188
119, 3776655, 0.13508972852773432
120, 3808062, 0.13473895232837946
121, 3839368, 0.13438657580581093
122, 3870638, 0.13362303341642723
123, 3901997, 0.13350269585121663
124, 3933408, 0.13357520386209074
125, 3964716, 0.13309697636692824
126, 3996242, 0.1324850514597925
127, 4027756, 0.13203825865310337
128, 4059224, 0.1318795998036103
129, 4090910, 0.13259290545992874
130, 4122399, 0.13207406067522415
131, 4153716, 0.13112381205757156
132, 4185062, 0.13135451295662626
133, 4216370, 0.13085804005014542
134, 4247809, 0.13034802476233656
135, 4279237, 0.13071730120161035
136, 4310864, 0.13090442874204097
137, 4342260, 0.1305310621844213
138, 4373700, 0.12990861775691467
139, 4405100, 0.12961724069803118
140, 4436718, 0.1294270126853925
141, 4468321, 0.1295163401983803
142, 4499761, 0.1296117320338587
143, 4531272, 0.12965277527102095
144, 4562902, 0.12851706003477908
145, 4594282, 0.12826937717957915
146, 4625821, 0.12840884104427622
147, 4657088, 0.12820260761436927
148, 4688449, 0.12866644365184285
149, 4720074, 0.12797763116552235
0, 31606, 1.0665685464985244
1, 63277, 1.027375220486536
2, 94770, 1.011394595107091
3, 126231, 1.0053906556154426
4, 157703, 0.998785000996771
5, 189083, 0.9689920132482764
6, 220617, 0.8829910493519443
7, 252019, 0.7713110980278853
8, 283388, 0.688504486886703
9, 314789, 0.6294977014685609
10, 346271, 0.5764595596067267
11, 377803, 0.5306149094211355
12, 409201, 0.4960972206654658
13, 440942, 0.46649136821859216
14, 472335, 0.44074688054914457
15, 503781, 0.42079334038810134
16, 535264, 0.40280474731026467
17, 566834, 0.38615764976102435
18, 598219, 0.36985353431674783
19, 629653, 0.3556922833818481
20, 661010, 0.34209455925826204
21, 692342, 0.33190482059433296
22, 723742, 0.319035461681686
23, 755198, 0.3089760608782676
24, 786720, 0.2999797318404067
25, 818162, 0.2905284096925295
26, 849522, 0.2823486545928019
27, 881027, 0.27474561363492417
28, 912499, 0.26724295184185026
29, 944069, 0.26114860134096984
30, 975483, 0.25509003780312356
31, 1006930, 0.24975707724312488
32, 1038248, 0.24474422373271176
33, 1069821, 0.24111091646893995
34, 1101170, 0.23741258596999165
35, 1132597, 0.23267241843097786
36, 1164070, 0.23065456620227096
37, 1195359, 0.22703167887424913
38, 1226816, 0.22498368778507308
39, 1258109, 0.22178205550355481
40, 1289510, 0.21964292497872467
41, 1321090, 0.21851773487369688
42, 1352451, 0.2163027723694509
43, 1383977, 0.21617439314968576
44, 1415484, 0.2151906364067257
45, 1447181, 0.2127437353840769
46, 1478773, 0.211145513670212
47, 1510119, 0.20981259107013722
48, 1541518, 0.2085756806929862
49, 1573132, 0.20864056005888085
50, 1604616, 0.2076178143864096
51, 1636237, 0.2077630791174116
52, 1667903, 0.20643109077481434
53, 1699439, 0.20527032438897044
54, 1730999, 0.20524966328685856
55, 1762324, 0.2046495813569344
56, 1793960, 0.2044556614839265
57, 1825614, 0.20388223248579804
58, 1857254, 0.20289182746426537
59, 1888735, 0.20325579424718923
60, 1920397, 0.2020967791593531
61, 1951890, 0.2020463384977831
62, 1983336, 0.2016549408129675
63, 2014607, 0.20190004730711436
64, 2045967, 0.2012808180708172
65, 2077527, 0.20023190921574613
66, 2109250, 0.20114065612151635
67, 2140585, 0.1999122228106415
68, 2171955, 0.19973530053619762
69, 2203568, 0.19913884416854108
70, 2234756, 0.19903643960677603
71, 2266169, 0.1985634126995273
72, 2297496, 0.19836658033136112
73, 2328825, 0.19815807537301952
74, 2360223, 0.19868554419453574
75, 2391662, 0.19784838374732294
76, 2423158, 0.19760141937707812
77, 2454435, 0.19744465618948015
78, 2485947, 0.19466935689370468
79, 2517475, 0.18891282481672725
80, 2548931, 0.18133202911345028
81, 2580417, 0.17488979084711492
82, 2611729, 0.170366860005524
83, 2643185, 0.1686863562324969
84, 2674911, 0.16472360387507903
85, 2706346, 0.1628171889096104
86, 2737951, 0.16053971387727906
87, 2769599, 0.15852917831385757
88, 2801255, 0.1578393605573432
89, 2832851, 0.15700175542846073
90, 2864300, 0.15492420129653406
91, 2895917, 0.15435481369072782
92, 2927373, 0.1528222293876527
93, 2958708, 0.15195651264015103
94, 2990104, 0.15130447384585957
95, 3021549, 0.15032019079142614
96, 3053160, 0.14890394374364704
97, 3084639, 0.1487670912830369
98, 3116087, 0.1474050285612636
99, 3147678, 0.14726457259165887
100, 3179253, 0.14561149852269276
101, 3210782, 0.14472443814266533
102, 3242193, 0.14418635698889154
103, 3273652, 0.14269270102091727
104, 3305168, 0.1419085916434805
105, 3336633, 0.14066095825860594
106, 3368141, 0.14043443403626973
107, 3399420, 0.13983883386101484
108, 3430873, 0.13899479999701436
109, 3462523, 0.13717759184598285
110, 3494199, 0.13719108533143906
111, 3525679, 0.13558868524926532
112, 3557193, 0.13544979508776023
113, 3588679, 0.1356422497182826
114, 3620268, 0.13435155448414185
115, 3651703, 0.1337831320643368
116, 3683095, 0.1326696227360913
117, 3714634, 0.13336725334396576
118, 3746186, 0.13214519189275378
119, 3777500, 0.13173742495482876
120, 3808972, 0.1317284075089213
121, 3840467, 0.1319107443872052
122, 3872122, 0.1310626477096185
123, 3903655, 0.131015267772682
124, 3935090, 0.1300818147234116
125, 3966393, 0.13047118548151906
126, 3998044, 0.12997687632857358
127, 4029333, 0.12949390651976933
128, 4060733, 0.12987843629916987
129, 4092265, 0.12927735373028462
130, 4123659, 0.12950749497111771
131, 4155372, 0.1292775931178988
132, 4187009, 0.12877666324454382
133, 4218624, 0.12911315016400288
134, 4249877, 0.12849858613195358
135, 4281271, 0.1278769525207823
136, 4312803, 0.12836445707417454
137, 4344115, 0.1278579582055225
138, 4375664, 0.12768530091956534
139, 4407264, 0.12783481538629166
140, 4438777, 0.1274598684343442
141, 4470122, 0.12753594816584343
142, 4501757, 0.12715163343499922
143, 4533160, 0.12700073721679547
144, 4564796, 0.12718865125591322
145, 4596272, 0.12711176222902673
146, 4627770, 0.12663471467183762
147, 4659017, 0.12657229098742853
148, 4690616, 0.12694365798502014
149, 4721883, 0.1269858161084311
0, 31494, 1.0577274897333884
1, 62960, 1.023463556796571
2, 94439, 1.007875901523334
3, 125867, 0.9901253463034311
4, 157431, 0.9522446027475718
5, 188954, 0.8880678073477624
6, 220536, 0.8108277797573795
7, 252080, 0.7446918548324469
8, 283562, 0.6844573722747047
9, 315089, 0.6322246205845351
10, 346536, 0.58310907276069
11, 378025, 0.5388233584774664
12, 409484, 0.4990200274839415
13, 440971, 0.4726644125839674
14, 472687, 0.4509941323502155
15, 504405, 0.4318267634529074
16, 535848, 0.4192594685180205
17, 567356, 0.4069481932476327
18, 598945, 0.3932730075801704
19, 630341, 0.3826049115247021
20, 661941, 0.37145894690169673
21, 693414, 0.3628538795619575
22, 724734, 0.3523853841932032
23, 756124, 0.34403198452273864
24, 787589, 0.33623327906091804
25, 818925, 0.32768786365915914
26, 850340, 0.32067094596817164
27, 881690, 0.31134975373733953
28, 912936, 0.3048718988218704
29, 944498, 0.29948125963226
30, 975994, 0.29303895611253195
31, 1007456, 0.2855986537122346
32, 1038937, 0.28017667916565625
33, 1070531, 0.27495280590997506
34, 1102171, 0.2687772690452835
35, 1133571, 0.2627645049305225
36, 1164814, 0.25797856112422746
37, 1196417, 0.2539797138072313
38, 1227977, 0.24908323969801394
39, 1259434, 0.24681262274897647
40, 1290664, 0.24251578333121424
41, 1322157, 0.23972912713119607
42, 1353708, 0.23768902121812457
43, 1385385, 0.23402211118679792
44, 1416916, 0.23238945837986014
45, 1448211, 0.23057628430912575
46, 1479742, 0.22843265251202965
47, 1511419, 0.2263174044663091
48, 1542990, 0.22334857059614907
49, 1574482, 0.22297386686478596
50, 1605935, 0.2199508891718889
51, 1637533, 0.22011563554923164
52, 1669083, 0.21778304032664583
53, 1700529, 0.21647767207204363
54, 1732094, 0.21506339123123394
55, 1763522, 0.21356553002171658
56, 1794697, 0.2140623026770195
57, 1826283, 0.21211883051680344
58, 1857652, 0.20999463077819772
59, 1889047, 0.20987145102876062
60, 1920504, 0.2087442424037584
61, 1951826, 0.20843393095552065
62, 1983144, 0.20723640051168965
63, 2014661, 0.20617955702258364
64, 2046028, 0.20595575328368404
65, 2077634, 0.20588037392664704
66, 2109097, 0.2046443773334187
67, 2140496, 0.20498523838116528
68, 2171929, 0.20314445799592187
69, 2203345, 0.20317220851386442
70, 2234735, 0.20272707405201193
71, 2266150, 0.2023693964313905
72, 2297687, 0.20151371038678229
73, 2329134, 0.2011032348080024
74, 2360476, 0.2013167738142545
75, 2391859, 0.201116322874686
76, 2423243, 0.20025889206529354
77, 2454735, 0.19990180008223732
78, 2486352, 0.1999261864102912
79, 2517683, 0.1994271227152165
80, 2548923, 0.19902225748989016
81, 2580265, 0.19877382446203076
82, 2611615, 0.19895212536322562
83, 2643016, 0.19792000863164913
84, 2674276, 0.19852078746009158
85, 2705884, 0.19775228461013894
86, 2737379, 0.19700089143958266
87, 2768878, 0.1951734850375215
88, 2800429, 0.19266722392541275
89, 2831946, 0.18523100440297605
90, 2863278, 0.17686028142848234
91, 2894717, 0.16999890524369696
92, 2926113, 0.16644496026901556
93, 2957542, 0.16255166381396913
94, 2989071, 0.16029417432821833
95, 3020450, 0.15841595637753222
96, 3052102, 0.15611299404893927
97, 3083347, 0.15394153471469962
98, 3114820, 0.15367744009844905
99, 3146096, 0.15180396042141484
100, 3177680, 0.1515937286937718
101, 3209324, 0.1493780578512217
102, 3240804, 0.14854587783240136
103, 3272279, 0.14637960161096034
104, 3303809, 0.14520131914787107
105, 3335251, 0.1437136191266814
106, 3366686, 0.14308587386523364
107, 3398150, 0.14221472549292938
108, 3429688, 0.14015760336848876
109, 3461102, 0.14002104494559803
110, 3492538, 0.13900356636558045
111, 3524177, 0.13825047997527545
112, 3555362, 0.13685501419317314
113, 3586723, 0.1358606054217135
114, 3618178, 0.13548466359624056
115, 3649648, 0.13430413761577345
116, 3680882, 0.1342086626429615
117, 3712417, 0.13301268307323125
118, 3743714, 0.1333658199709474
119, 3775487, 0.13194396421957724
120, 3806799, 0.1314249309650812
121, 3838214, 0.13134891633500703
122, 3869670, 0.13099133268226523
123, 3900956, 0.13041906419366073
124, 3932450, 0.13029427911605776
125, 3963750, 0.1291143049497506
126, 3995221, 0.12917281918173146
127, 4026717, 0.12939032894193125
128, 4058041, 0.12921598140432167
129, 4089299, 0.12850251234209237
130, 4120870, 0.12844907634939767
131, 4152523, 0.12832618817355856
132, 4184104, 0.1278414396921781
133, 4215525, 0.127846091385976
134, 4247216, 0.12749093492034128
135, 4278725, 0.12730865351218668
136, 4310262, 0.12725075938459005
137, 4341624, 0.12709260436562728
138, 4373094, 0.12677662851090132
139, 4404475, 0.12704128797204164
140, 4435909, 0.12634167285282094
141, 4467367, 0.12672127951863912
142, 4498987, 0.12645978218045656
143, 4530467, 0.12611798903349308
144, 4561835, 0.12663532717240616
145, 4593372, 0.12570126415687558
146, 4624969, 0.12587558364708534
147, 4656561, 0.12570549752087154
148, 4688176, 0.1259883212235487
149, 4719459, 0.1256537372656991
0, 31427, 1.0879386052175049
1, 62801, 1.0440370766796574
2, 94230, 1.0197044083218165
3, 125517, 1.00743941510291
4, 156990, 0.999285695121462
5, 188492, 0.9688060190110775
6, 219733, 0.8729728024403435
7, 251143, 0.7608870800676673
8, 282612, 0.6833481145986654
9, 314062, 0.6229316704169284
10, 345553, 0.5739058679644903
11, 377096, 0.5336484329345296
12, 408389, 0.5021835322424156
13, 439812, 0.4776487560041312
14, 471407, 0.45785078210760943
15, 503015, 0.44130835232691135
16, 534316, 0.42604414504490856
17, 565880, 0.4134519133773642
18, 597157, 0.3999912017838102
19, 628626, 0.3891202070514679
20, 660321, 0.3779639826839389
21, 691539, 0.3668962803406318
22, 722903, 0.35698825065076184
23, 754361, 0.34745796186764255
24, 785952, 0.3372380529521196
25, 817297, 0.3296343292245761
26, 848752, 0.3219374054513779
27, 880182, 0.3135890067785424
28, 911649, 0.3051933721608156
29, 943013, 0.2994646155354179
30, 974545, 0.29181218409864357
31, 1005973, 0.28539609532347243
32, 1037429, 0.2794340912004129
33, 1068905, 0.2741002313444826
34, 1100695, 0.26769101325619155
35, 1132163, 0.26106767307311424
36, 1163751, 0.2567457034422133
37, 1195082, 0.2511603282639942
38, 1226460, 0.24692742578508517
39, 1257906, 0.24558111165382537
40, 1289275, 0.23978692830103576
41, 1320769, 0.23633047432191354
42, 1352238, 0.2332099006649271
43, 1383521, 0.23017582944391138
44, 1414777, 0.22812141524375026
45, 1446278, 0.2264196720738709
46, 1477693, 0.22385791557492132
47, 1509326, 0.22241542074038784
48, 1540596, 0.22013670766380852
49, 1572032, 0.21790282704219133
50, 1603684, 0.21644090743946484
51, 1635098, 0.21628930403261876
52, 1666936, 0.21547075680200506
53, 1698473, 0.21469922458076113
54, 1730144, 0.21302525185722096
55, 1761642, 0.21155870843695015
56, 1793099, 0.21064035443180618
57, 1824467, 0.20949981577649096
58, 1855903, 0.20853418123871326
59, 1887262, 0.2079624470972857
60, 1918686, 0.20809346490562491
61, 1950326, 0.20604200978795462
62, 1981807, 0.20651165124592064
63, 2013257, 0.20524951334215527
64, 2044516, 0.20611693533911107
65, 2076144, 0.20479623811984637
66, 2107370, 0.2045809107387326
67, 2138881, 0.2036354985240159
68, 2170268, 0.2026379824405194
69, 2201698, 0.20358467197473204
70, 2233305, 0.2025536762035252
71, 2264615, 0.20206032136571955
72, 2295854, 0.2010658363247766
73, 2326959, 0.2010572054492354
74, 2358429, 0.20088462259093162
75, 2389847, 0.2005757360899183
76, 2421257, 0.19946865053161308
77, 2452631, 0.20047732235436747
78, 2484058, 0.20008534698762262
79, 2515494, 0.20005017113328014
80, 2547116, 0.19914092569813827
81, 2578694, 0.19861242924416056
82, 2610345, 0.19887256148131902
83, 2641865, 0.1979537224591624
84, 2673319, 0.19767309345914574
85, 2704837, 0.1934276189440563
86, 2736361, 0.1869432957482411
87, 2767759, 0.17557915748526157
88, 2799295, 0.16974447700619397
89, 2830835, 0.16456117668157022
90, 2862475, 0.186385353176239
91, 2894027, 0.160670768589329
92, 2925485, 0.16131371814033602
93, 2957141, 0.15499246630893423
94, 2988540, 0.15424076744560497
95, 3020134, 0.1524488773854624
96, 3051575, 0.1506488729571884
97, 3082977, 0.14936231569225575
98, 3114529, 0.14885559985122968
99, 3145950, 0.14715913895431199
100, 3177239, 0.1463047734107209
101, 3208652, 0.14498584417966387
102, 3239997, 0.14398348354548007
103, 3271551, 0.14312594152247754
104, 3303090, 0.1414833468195233
105, 3334791, 0.1408006596979944
106, 3366352, 0.14189775619314
107, 3397966, 0.13906569058564516
108, 3429520, 0.13757604994299258
109, 3461047, 0.13701251392839323
110, 3492612, 0.13922578100251007
111, 3524021, 0.13600655205263715
112, 3555446, 0.13610472938140228
113, 3586795, 0.13523261612265974
114, 3618287, 0.13452572233005056
115, 3649600, 0.13373730232612052
116, 3680977, 0.1333434828975774
117, 3712414, 0.13247363964603792
118, 3743796, 0.1317804181973827
119, 3775344, 0.1319825373073198
120, 3806846, 0.13154347216409604
121, 3838355, 0.13095509137037362
122, 3869737, 0.1309540698752671
123, 3901294, 0.13054284299571145
124, 3932803, 0.13057504273355547
125, 3964351, 0.13015930531673742
126, 3995841, 0.1296407162981079
127, 4027462, 0.12969484524475353
128, 4059083, 0.12899635568404788
129, 4090619, 0.1287918969082049
130, 4122036, 0.12878186588478457
131, 4153399, 0.12859962910151318
132, 4184841, 0.12839762316423495
133, 4216260, 0.12868085039591637
134, 4247706, 0.12783550058745008
135, 4279113, 0.1283254820002781
136, 4310569, 0.12811698563577542
137, 4342043, 0.1278320219774703
138, 4373559, 0.20138774205925675
139, 4405004, 0.17055344061949934
140, 4436422, 0.14745730858737682
141, 4467843, 0.13859197078484262
142, 4499254, 0.13530816721568373
143, 4530881, 0.13223994608340528
144, 4562430, 0.13069776664094568
145, 4593743, 0.1291697914104833
146, 4625178, 0.12868465249281108
147, 4656683, 0.1282994283872647
148, 4688364, 0.12803143263417918
149, 4719764, 0.12763905704029016
0, 31394, 1.0699492154838341
1, 62873, 1.0285304854962969
2, 94591, 1.0079638369376165
3, 126083, 0.9671306749557262
4, 157549, 0.9078968138802778
5, 189009, 0.8509819612744461
6, 220605, 0.7877934955412126
7, 251980, 0.7133263160511949
8, 283614, 0.6376095312436405
9, 315089, 0.5723458541878614
10, 346464, 0.5232570786677398
11, 377900, 0.48428837931202257
12, 409338, 0.4574523682245677
13, 440846, 0.43656197858928253
14, 472399, 0.41990090072347996
15, 504047, 0.4059350291694099
16, 535313, 0.3923699732934287
17, 566625, 0.3800929317140867
18, 598066, 0.36912190994633326
19, 629470, 0.3585520760758164
20, 660929, 0.3480180446245198
21, 692283, 0.33921579437369276
22, 723857, 0.3299383966898614
23, 755545, 0.3211902256300007
24, 786925, 0.3134710804967624
25, 818360, 0.30623670540766196
26, 849640, 0.2990456595916751
27, 881051, 0.2918879399804408
28, 912556, 0.28515668883692813
29, 943976, 0.27918087202361835
30, 975334, 0.2727996867797628
31, 1006914, 0.26866363632455836
32, 1038584, 0.26242376264722905
33, 1070050, 0.25796057543361867
34, 1101583, 0.25352002577204746
35, 1132882, 0.24822072623240124
36, 1164294, 0.24633603921962596
37, 1195836, 0.24924783161106356
38, 1227236, 0.2405805604535724
39, 1258619, 0.23706465367298668
40, 1290146, 0.2342521233302972
41, 1321673, 0.23090144732424311
42, 1352925, 0.22937538862757464
43, 1384392, 0.22773160645729906
44, 1416139, 0.22553819631314345
45, 1447569, 0.2245087982575943
46, 1479089, 0.22235559581318767
47, 1510561, 0.22135422245483793
48, 1541887, 0.21917473908562302
49, 1573200, 0.2185004059753383
50, 1604735, 0.21784136224292797
51, 1636077, 0.2161648733681514
52, 1667610, 0.21578723702288183
53, 1699140, 0.2140902525823351
54, 1730663, 0.21372061489167535
55, 1762071, 0.2118544024345396
56, 1793634, 0.211281817164187
57, 1825076, 0.2106288620792067
58, 1856586, 0.20970161419620442
59, 1888130, 0.20867257575336967
60, 1919804, 0.20871751284264306
61, 1951074, 0.20789218796985237
62, 1982269, 0.20823816647005314
63, 2013656, 0.20738769492833448
64, 2045203, 0.20701243571011607
65, 2076714, 0.20618391704428213
66, 2108315, 0.2049784336461953
67, 2139616, 0.20523378719871455
68, 2171088, 0.20459117553749329
69, 2202309, 0.20406586462194018
70, 2233821, 0.20425378852480136
71, 2265292, 0.20342768845657158
72, 2296576, 0.20277281401120242
73, 2328064, 0.2025276610563122
74, 2359389, 0.20326147415377957
75, 2390813, 0.20217071364839087
76, 2422331, 0.20171916301889942
77, 2453631, 0.20207986497983596
78, 2485088, 0.2015573777783275
79, 2516526, 0.20340363482484408
80, 2547990, 0.20118220705793824
81, 2579436, 0.20045381243339191
82, 2610874, 0.20020926424987734
83, 2642487, 0.2006036786984541
84, 2674253, 0.200400666432652
85, 2705776, 0.19993806491461746
86, 2737504, 0.19910141564218017
87, 2769077, 0.19796922041275436
88, 2800408, 0.19260442890077134
89, 2832090, 0.18648676018929536
90, 2863448, 0.1786974367059391
91, 2895092, 0.17479515518698652
92, 2926718, 0.17095887374748425
93, 2958111, 0.16755406834386485
94, 2989331, 0.16521628453773948
95, 3020774, 0.16256859688235156
96, 3052196, 0.16143341850863976
97, 3083794, 0.15941576767139012
98, 3115281, 0.15983052551677673
99, 3146890, 0.15935732710212416
100, 3178084, 0.15773189790134337
101, 3209644, 0.1565763411480687
102, 3241085, 0.15485187471849507
103, 3272553, 0.15315959583080505
104, 3304152, 0.15212922724578767
105, 3335611, 0.15183990617809218
106, 3367324, 0.15005589906645037
107, 3398921, 0.149219606142599
108, 3430431, 0.1482945502358958
109, 3461911, 0.14664015478458062
110, 3493450, 0.1457212148997978
111, 3524855, 0.14530157603870236
112, 3556469, 0.14430374005989097
113, 3588102, 0.14321122994986668
114, 3619679, 0.14306629999749598
115, 3651157, 0.14009576585453531
116, 3682724, 0.14098591276836117
117, 3713940, 0.17575918087034048
118, 3745286, 0.14433397175932233
119, 3776798, 0.14276671059915846
120, 3808376, 0.13856157226151672
121, 3839872, 0.13845676836383028
122, 3871210, 0.13696565961519092
123, 3902877, 0.1365085091584992
124, 3934483, 0.13632904793037218
125, 3966022, 0.1355773340796009
126, 3997567, 0.13581671517088326
127, 4028982, 0.13519810274664618
128, 4060398, 0.1343027668659634
129, 4091860, 0.13339520204803693
130, 4123326, 0.13286281144925913
131, 4154819, 0.13310038860531823
132, 4186264, 0.1326380454074889
133, 4217806, 0.13236772559028726
134, 4249378, 0.13161047696520214
135, 4280662, 0.13105562815711633
136, 4312205, 0.13226983355179453
137, 4343758, 0.13117059579660945
138, 4375060, 0.13057744750759415
139, 4406704, 0.13131052551630645
140, 4437968, 0.1301541536146004
141, 4469392, 0.1302234132679556
142, 4500847, 0.12967543019305106
143, 4532247, 0.12993570293411155
144, 4563687, 0.13005613350559372
145, 4595163, 0.13036857219695092
146, 4626773, 0.1298833480950076
147, 4658190, 0.12901912031113538
148, 4689715, 0.1294418954826913
149, 4721233, 0.12893298112362594
0, 31532, 1.1726487219472657
1, 63206, 1.096974898587497
2, 94594, 1.0532244118257528
3, 125918, 1.0224875493530194
4, 157408, 1.008080015291576
5, 189005, 0.9975370380550331
6, 220072, 0.9668027009495703
7, 251463, 0.8968800145553755
8, 282834, 0.8095931545205884
9, 314509, 0.7233272138760048
10, 345847, 0.6460066120521901
11, 377367, 0.5842067169782156
12, 409020, 0.538650845668269
13, 440565, 0.5016873762536502
14, 471846, 0.47232974506753717
15, 503283, 0.4471890253262815
16, 534626, 0.4274834555355431
17, 566308, 0.4099513258482932
18, 597678, 0.39573485524536334
19, 628907, 0.38115802012048605
20, 660367, 0.36914662501272844
21, 691795, 0.3569329247753497
22, 723306, 0.3461805516369841
23, 754850, 0.3359116602131759
24, 786503, 0.325592137820112
25, 818041, 0.31746280110017566
26, 849521, 0.3098948091043954
27, 880868, 0.30105748631443163
28, 912413, 0.29386565734533593
29, 943834, 0.28740179653744924
30, 975347, 0.27988306460524615
31, 1006909, 0.27461757339325593
32, 1038527, 0.26746182253988043
33, 1070146, 0.2627463679164607
34, 1101332, 0.25784264254773365
35, 1132814, 0.26022927583554994
36, 1164385, 0.25010116387316744
37, 1195848, 0.24588765056681858
38, 1227428, 0.24282743798718173
39, 1258890, 0.23893673849533395
40, 1290301, 0.23606490760689208
41, 1321785, 0.23265212825325615
42, 1353307, 0.23010167721279656
43, 1384709, 0.23015532573353092
44, 1415988, 0.22764862019033788
45, 1447303, 0.22535039455043235
46, 1478626, 0.22303250304170566
47, 1510065, 0.2226594392304704
48, 1541452, 0.22081297716797318
49, 1572743, 0.21880072250360352
50, 1604284, 0.21773359513685356
51, 1635829, 0.21775632194271707
52, 1667280, 0.215637990533613
53, 1698769, 0.21505983256321484
54, 1730202, 0.21466892298957055
55, 1761729, 0.21270997412456266
56, 1793339, 0.21175048444698222
57, 1824795, 0.21165207389767526
58, 1856281, 0.2109585422842438
59, 1887622, 0.2086692267455914
60, 1918987, 0.20849486714124255
61, 1950289, 0.2095622403327444
62, 1981804, 0.20771029418731124
63, 2013494, 0.20727484554998166
64, 2045147, 0.20638749589610467
65, 2076687, 0.20697798947656942
66, 2108380, 0.2062364480358376
67, 2139787, 0.20503892993352826
68, 2171186, 0.20457558617367394
69, 2202734, 0.2047789644353761
70, 2234212, 0.20450064720202393
71, 2265665, 0.20313687329108662
72, 2296920, 0.20364238968186457
73, 2328294, 0.202548890167495
74, 2359389, 0.20273759238297612
75, 2390889, 0.20176789714483953
76, 2422513, 0.20171110278795826
77, 2454258, 0.20269505532126314
78, 2485691, 0.20207336417938931
79, 2517080, 0.20149563218864605
80, 2548624, 0.200821033891462
81, 2580017, 0.20306385977206856
82, 2611498, 0.20081994101269238
83, 2643058, 0.20056819787775917
84, 2674601, 0.20022689837904203
85, 2706186, 0.2000122911320809
86, 2737615, 0.20059164821095182
87, 2769026, 0.198992789991923
88, 2800701, 0.1992691072664489
89, 2832127, 0.19900552312051067
90, 2863630, 0.1985442596819776
91, 2894981, 0.19852100165705644
92, 2926590, 0.198161728381606
93, 2957923, 0.19708216624649794
94, 2989382, 0.1916952349098112
95, 3020727, 0.18456094912659882
96, 3052222, 0.17715587319104883
97, 3083962, 0.17425400077957107
98, 3115499, 0.16854441598527237
99, 3147042, 0.16465861500174825
100, 3178421, 0.1632277536078834
101, 3209874, 0.16047861748706724
102, 3241295, 0.15869836459423922
103, 3272695, 0.1567049383046605
104, 3304143, 0.15590293310773012
105, 3335642, 0.15561740753919281
106, 3367240, 0.15380842089826036
107, 3398601, 0.1531899689946721
108, 3430064, 0.15303161565921541
109, 3461470, 0.1513589466899975
110, 3492944, 0.15161650575447622
111, 3524371, 0.15118808801893377
112, 3555637, 0.14920578459281744
113, 3586913, 0.14885660682803184
114, 3618303, 0.147360795972147
115, 3649853, 0.1464632081843941
116, 3681336, 0.14578491306263347
117, 3712772, 0.1441797277427812
118, 3744215, 0.14385351819899175
119, 3775504, 0.14248853766749942
120, 3807019, 0.1412893186798209
121, 3838519, 0.14047051832196839
122, 3869927, 0.14057005666582226
123, 3901553, 0.13942613270810586
124, 3932999, 0.13877276026138777
125, 3964651, 0.13699800741686793
126, 3996329, 0.1368579193998973
127, 4027716, 0.13583648138560803
128, 4059150, 0.13538939336754907
129, 4090373, 0.13519434861023255
130, 4121704, 0.13485026388766289
131, 4153104, 0.13417389558648973
132, 4184574, 0.13385183785771554
133, 4216092, 0.1339581491517056
134, 4247395, 0.1335877688920185
135, 4279031, 0.1333692354713835
136, 4310512, 0.13481933184382955
137, 4341930, 0.1329349351309459
138, 4373245, 0.13305312692710056
139, 4404803, 0.13308799703234225
140, 4436256, 0.13187101052689307
141, 4467619, 0.1320506032066145
142, 4498962, 0.13117260545162687
143, 4530230, 0.13082186401282342
144, 4561699, 0.13031894041926084
145, 4593196, 0.13044439432228486
146, 4624465, 0.13061220277599944
147, 4655905, 0.1305094141705459
148, 4687423, 0.1301123660305212
149, 4718820, 0.1301830840801954
0, 31440, 1.0799940269298927
1, 63040, 1.0306174954359397
2, 94235, 1.0111987889810135
3, 125689, 1.0026529701141238
4, 157086, 0.9883259251454514
5, 188471, 0.9407570485092289
6, 219833, 0.871632288442338
7, 251159, 0.7822403266072956
8, 282409, 0.6815159835593901
9, 313949, 0.6056657453090559
10, 345300, 0.5542685570255548
11, 376719, 0.5140710838986404
12, 408022, 0.4840430353866038
13, 439351, 0.46017800084490107
14, 470921, 0.4424000966829955
15, 502452, 0.4287608694545612
16, 533841, 0.4136573949864003
17, 565389, 0.40020640548504693
18, 596929, 0.38786397161600294
19, 628337, 0.3773077007802272
20, 659998, 0.3650595453407809
21, 691480, 0.35512317342410493
22, 722652, 0.34541990191690125
23, 754090, 0.3349887085999528
24, 785753, 0.32547397095619623
25, 817291, 0.31728371066591665
26, 848644, 0.3081626606141435
27, 880081, 0.29999289835669335
28, 911529, 0.29339324756317153
29, 942861, 0.28532264228964294
30, 974204, 0.27943700497297325
31, 1005522, 0.27339255579549615
32, 1037169, 0.26580892651729354
33, 1068507, 0.26027813025724245
34, 1100091, 0.2561924507170261
35, 1131379, 0.2509108496728426
36, 1163103, 0.24685576580219087
37, 1194428, 0.2422311859544654
38, 1225943, 0.2396261476591162
39, 1257509, 0.23541824204685888
40, 1288718, 0.23336285620519376
41, 1320193, 0.22998315357229937
42, 1351461, 0.22835129513026767
43, 1383033, 0.22690256402179004
44, 1414513, 0.22340248166173374
45, 1446006, 0.22221099764113172
46, 1477688, 0.21928851147559783
47, 1509114, 0.2194212091662011
48, 1540576, 0.21703084498669986
49, 1572059, 0.21640254910988552
50, 1603646, 0.2158663981904803
51, 1635165, 0.21414804837821358
52, 1666515, 0.21236252430079727
53, 1697972, 0.21193769748626531
54, 1729350, 0.21144532817467013
55, 1760774, 0.21061571608977328
56, 1792202, 0.20883986986723
57, 1823490, 0.20893624777633665
58, 1855049, 0.2072293502809638
59, 1886541, 0.2075312982418097
60, 1918147, 0.20604120719286934
61, 1949578, 0.2080435377637679
62, 1981125, 0.2067822443254292
63, 2012492, 0.20514988470140205
64, 2044117, 0.20601035720948638
65, 2075605, 0.20472532326487156
66, 2107099, 0.20367275224161951
67, 2138386, 0.2037385921078507
68, 2169953, 0.20331768231920044
69, 2201517, 0.20263398884266828
70, 2233027, 0.20280394741326807
71, 2264419, 0.20188811740485016
72, 2295859, 0.2012815989896343
73, 2327398, 0.20104043576304495
74, 2358827, 0.20156612317534964
75, 2390228, 0.20120535559325878
76, 2421685, 0.20079231975128808
77, 2453109, 0.2010036680528617
78, 2484476, 0.20001774271277092
79, 2516166, 0.19892929431242665
80, 2547587, 0.19579696464927493
81, 2579222, 0.1877767791995968
82, 2610759, 0.18098762747649214
83, 2642091, 0.17396484875745358
84, 2673657, 0.17042643387353662
85, 2705149, 0.1669258932880549
86, 2736510, 0.1634309960840199
87, 2767916, 0.16053229571910418
88, 2799387, 0.15922153733484168
89, 2830869, 0.15756340370064387
90, 2862569, 0.15686354896454158
91, 2893751, 0.1547808512830616
92, 2925158, 0.15354151950331354
93, 2956460, 0.15317234120892892
94, 2987972, 0.15016246258505778
95, 3019597, 0.14854585164478373
96, 3051119, 0.14703941169463647
97, 3082606, 0.14696813160267005
98, 3114131, 0.14496833279703844
99, 3145442, 0.1441570700698089
100, 3176899, 0.1446586167476945
101, 3208291, 0.14209165488404518
102, 3239817, 0.1408363144560617
103, 3271190, 0.1395147721830168
104, 3302664, 0.1394107317658419
105, 3334435, 0.13818454684190182
106, 3365755, 0.13794824705275163
107, 3397335, 0.1372509180749329
108, 3428633, 0.13660471624662732
109, 3459989, 0.13609039965660913
110, 3491542, 0.13621020459891017
111, 3522930, 0.13554237125352828
112, 3554399, 0.13462139790997435
113, 3585788, 0.1341940346284708
114, 3617144, 0.13331499187448065
115, 3648496, 0.13325397998384797
116, 3680100, 0.13387221249332953
117, 3711677, 0.13228240390264515
118, 3742949, 0.13258059396464286
119, 3774405, 0.1318393114384172
120, 3805922, 0.1316491156680925
121, 3837350, 0.13094763598850123
122, 3868772, 0.13094497913845984
123, 3900124, 0.13109413041965287
124, 3931520, 0.13047342275273077
125, 3963223, 0.13058267055873865
126, 3994691, 0.1303742413622843
127, 4026156, 0.13012125946513953
128, 4057487, 0.12987153803351767
129, 4088747, 0.12981917009835667
130, 4120237, 0.1297827493722574
131, 4151666, 0.12961942748064315
132, 4182931, 0.12932153248468123
133, 4214415, 0.12877579781167367
134, 4245795, 0.1288545426056458
135, 4277292, 0.12838249538325014
136, 4308642, 0.128592628817565
137, 4339987, 0.1284463161474178
138, 4371363, 0.12790193508893538
139, 4402792, 0.127621982446347
140, 4434230, 0.12763892988577524
141, 4465793, 0.130835358424401
142, 4497282, 0.12821004811773218
143, 4528735, 0.12766189699723557
144, 4560107, 0.12758074384347343
145, 4591631, 0.127728574887256
146, 4623239, 0.1272882657964413
147, 4654703, 0.12680387637926158
148, 4686205, 0.12711434090998483
149, 4717427, 0.1274006266145013
