0, 60000, 0.9946284233513525
1, 60000, 0.7887779499514628
2, 60000, 0.5829722136259079
3, 60000, 0.4529899752746194
4, 60000, 0.37311011679091693
5, 60000, 0.3138202456599575
6, 60000, 0.2669596389188605
7, 60000, 0.22806720385106943
8, 60000, 0.19750614262233346
9, 60000, 0.17592808654752828
10, 60000, 0.15701730208376707
11, 60000, 0.14103533832703607
12, 60000, 0.12852064210732103
13, 60000, 0.11678893794700251
14, 60000, 0.1072198492238077
15, 60000, 0.09842790909490343
16, 60000, 0.09191994640534207
17, 60000, 0.08645444603289588
18, 60000, 0.08191094440171275
19, 60000, 0.0778859336623701
20, 60000, 0.07447046647637577
21, 60000, 0.07202969251547829
22, 60000, 0.06861658602700395
23, 60000, 0.06691200844943523
24, 60000, 0.06466757629256127
25, 60000, 0.06350300391599284
26, 60000, 0.06147131841566603
27, 60000, 0.05955068154607789
28, 60000, 0.05925508920040171
29, 60000, 0.058280186254089164
30, 60000, 0.057236851492928245
31, 7580, 0.0741278656651845
32, 7438, 0.06392930111435266
33, 7384, 0.0633972144009132
34, 7467, 0.062012497783311187
35, 7450, 0.06056515753294728
36, 7482, 0.058499279433747164
37, 7468, 0.05930694506376127
38, 7475, 0.05555643382397071
39, 7442, 0.057704051324581555
40, 7530, 0.05560454601936054
41, 7378, 0.05603935765734269
42, 7473, 0.05443912880293443
43, 7385, 0.055147294647079924
44, 7426, 0.053346077259859855
45, 7503, 0.05239137281592869
46, 7437, 0.05227268113498974
47, 7472, 0.05301909205667678
48, 7416, 0.05129341214977619
49, 7562, 0.05144590116970132
50, 7507, 0.05096252456043259
51, 7442, 0.049007546534644626
52, 7527, 0.048347591651258265
53, 7609, 0.048408441683894396
54, 7636, 0.04934681827453067
55, 7350, 0.04701492670929126
56, 7402, 0.048901241098484885
57, 7431, 0.04751874345851969
58, 7463, 0.04773562208193796
59, 7535, 0.046901553776201414
60, 7526, 0.04742983183202736
61, 7454, 0.04741848070325207
62, 7288, 0.045252790217062334
63, 7559, 0.04707892754440936
64, 7550, 0.04672183495163093
65, 7209, 0.04627844906920083
66, 7458, 0.04652137098977389
67, 7513, 0.04616438929663741
68, 7308, 0.04633551063108309
69, 7625, 0.04444009359987803
70, 7546, 0.045727874251158505
71, 7417, 0.04509145896424202
72, 7551, 0.04553692308188351
73, 7451, 0.04406871488216383
74, 7488, 0.043665436865054655
75, 7603, 0.04503736316163232
76, 7504, 0.04387148887038181
77, 7459, 0.04389416473788813
78, 7476, 0.04312348273057542
79, 7498, 0.04424903652591969
80, 7464, 0.04422311534767812
81, 7428, 0.043760677246268496
82, 7360, 0.04457766620022847
83, 7433, 0.0432128706218763
84, 7435, 0.04444542990519119
85, 7417, 0.04302312459993383
86, 7377, 0.04306509512569593
87, 7552, 0.04390477121136905
88, 7394, 0.04229083533775168
89, 7578, 0.043241066278258876
90, 7368, 0.04165582994426972
91, 7453, 0.043386699719579556
92, 7519, 0.042522184705933434
93, 7363, 0.042748406666986774
94, 7613, 0.04220932032288357
95, 7467, 0.042180454366559025
96, 7414, 0.042025761775455424
97, 7547, 0.04331619389847223
98, 7475, 0.04129964658682722
99, 7357, 0.044425715128853106
100, 7413, 0.04172055523984729
101, 7556, 0.04312650346570866
102, 7353, 0.04235005175963568
103, 7551, 0.04293997806085229
104, 7504, 0.04095295029344356
105, 7490, 0.04215305121129728
106, 7464, 0.042388979241959134
107, 7401, 0.04323662361095974
108, 7482, 0.042034681478998165
109, 7495, 0.04171486495957008
110, 7609, 0.04042725511161157
111, 7549, 0.04018629916953439
112, 7511, 0.040917324000540385
113, 7527, 0.04017481459930987
114, 7442, 0.038694129205581955
115, 7411, 0.04134426298304005
116, 7349, 0.04167920411227764
117, 7484, 0.041995632015935924
118, 7491, 0.04143645557796905
119, 7420, 0.04040938725917521
120, 7440, 0.04072606405076792
121, 7378, 0.04001002562452716
122, 7453, 0.04068893127662576
123, 7509, 0.04131248660973446
124, 7387, 0.04138477838431421
125, 7478, 0.04003290909130793
126, 7488, 0.04097098298217781
127, 7577, 0.04111440602888543
128, 7467, 0.04067723501736082
129, 7525, 0.039761641801840414
130, 7432, 0.04277737501837526
131, 7464, 0.04010711568575633
132, 7472, 0.040364874072088885
133, 7559, 0.039690819053990724
134, 7259, 0.04161232057885025
135, 7440, 0.039820395195721774
136, 7507, 0.040066877479715095
137, 7496, 0.039378492459038114
138, 7488, 0.03848498883362635
139, 7435, 0.04073301744161214
140, 7484, 0.03948023229438426
141, 7465, 0.04100015220347892
142, 7480, 0.039291378532648136
143, 7364, 0.03876528326938962
144, 7493, 0.04004762736302944
145, 7456, 0.04053574295200055
146, 7387, 0.0392335766632532
147, 7437, 0.03843355437621253
148, 7494, 0.04079194722702072
149, 7459, 0.03947985399205027
0, 60000, 0.9796004042787066
1, 60000, 0.7374152470443208
2, 60000, 0.545083107837176
3, 60000, 0.42875039173384843
4, 60000, 0.35193938774577643
5, 60000, 0.29586816692756396
6, 60000, 0.2524213399422371
7, 60000, 0.2154270621427035
8, 60000, 0.18709384713132501
9, 60000, 0.16582825539980905
10, 60000, 0.14791108907784445
11, 60000, 0.13271722677400558
12, 60000, 0.11949774774454408
13, 60000, 0.10974828273815623
14, 60000, 0.10090239358655477
15, 60000, 0.0935615813833172
16, 60000, 0.08837797631651668
17, 60000, 0.08275237067018525
18, 60000, 0.07879302227648638
19, 60000, 0.07548983792884875
20, 60000, 0.07291048095893052
21, 60000, 0.07021383429735394
22, 60000, 0.06858960895846455
23, 60000, 0.06558719280538923
24, 60000, 0.0638340664869648
25, 60000, 0.06364577519312753
26, 60000, 0.06209583817270853
27, 60000, 0.06065263059305943
28, 60000, 0.0596620649478193
29, 60000, 0.05981209492153031
30, 60000, 0.05798994415139748
31, 7478, 0.07522963148201464
32, 7467, 0.06622205658534032
33, 7466, 0.06425224512054398
34, 7404, 0.06406321599746512
35, 7462, 0.059975564425638034
36, 7463, 0.061625216458403936
37, 7399, 0.06162473848487729
38, 7460, 0.060824345611515264
39, 7529, 0.05895566900566298
40, 7383, 0.05687202284093137
41, 7508, 0.05630074452780604
42, 7475, 0.05792825482590959
43, 7521, 0.05679792986181617
44, 7473, 0.0558038483448359
45, 7429, 0.05429037883295524
46, 7477, 0.05321658873490725
47, 7394, 0.055994550109498255
48, 7540, 0.05308903256448787
49, 7360, 0.05273854243673657
50, 7320, 0.053414849123124615
51, 7512, 0.05224843156268195
52, 7433, 0.05194830373971637
53, 7478, 0.05236707476072925
54, 7387, 0.04986127545097247
55, 7460, 0.052159076957010234
56, 7521, 0.0516398112666315
57, 7478, 0.04921099130886375
58, 7387, 0.05074504472344766
59, 7426, 0.047798820096730865
60, 7550, 0.048630969206828197
61, 7483, 0.05053165862608026
62, 7406, 0.04760221518089798
63, 7493, 0.05030768763804623
64, 7454, 0.04893528714423473
65, 7651, 0.04732946561288067
66, 7470, 0.04714875150580373
67, 7315, 0.046940051947746496
68, 7303, 0.046516509604689844
69, 7405, 0.04759249463129061
70, 7438, 0.04511595631244029
71, 7508, 0.046810577873950356
72, 7368, 0.04551245974260317
73, 7513, 0.045783690555293806
74, 7487, 0.046358430384180506
75, 7581, 0.04655275263459001
76, 7380, 0.04687725186206542
77, 7392, 0.04532519159704187
78, 7556, 0.04395065841276274
79, 7575, 0.044159605847768256
80, 7419, 0.045766884917312164
81, 7577, 0.04423771566652714
82, 7388, 0.04376019196084973
83, 7512, 0.04505458890463901
84, 7492, 0.045046409717126375
85, 7527, 0.045534844118621916
86, 7355, 0.04294324221166831
87, 7402, 0.0438425874202863
88, 7519, 0.041981330509144286
89, 7447, 0.04435198811690354
90, 7301, 0.04436735194243235
91, 7332, 0.043429661690215234
92, 7428, 0.043927373010657474
93, 7508, 0.04489784183335112
94, 7436, 0.044658037822620116
95, 7423, 0.04292768664768714
96, 7405, 0.04303731938020725
97, 7487, 0.04259616368047977
98, 7500, 0.04497967784210009
99, 7513, 0.04224289361987675
100, 7385, 0.04190555564861115
101, 7516, 0.04379949156162427
102, 7541, 0.04416222801248538
103, 7453, 0.04308181255916187
104, 7352, 0.04283467623140547
105, 7512, 0.04139817418011629
106, 7546, 0.04136639633126766
107, 7645, 0.04362307494240687
108, 7491, 0.04458157767936565
109, 7590, 0.042572105906615025
110, 7487, 0.041169373921340915
111, 7372, 0.041003046879253054
112, 7511, 0.043858334027840604
113, 7405, 0.04255799860537429
114, 7395, 0.04148415374950043
115, 7533, 0.04126319090594751
116, 7456, 0.040868090348473364
117, 7460, 0.04130732737856393
118, 7535, 0.040700703288583245
119, 7408, 0.04207374551209563
120, 7537, 0.04304954028769861
121, 7412, 0.04149445452554908
122, 7423, 0.04151631247465292
123, 7431, 0.041726379099066464
124, 7401, 0.040073031899091366
125, 7282, 0.040808776975034
126, 7579, 0.04263365005961414
127, 7551, 0.040183275718269476
128, 7286, 0.04154636959648093
129, 7456, 0.04056786256766654
130, 7410, 0.04008198972124204
131, 7345, 0.042006053561281724
132, 7442, 0.040870954603120756
133, 7406, 0.04146825118648705
134, 7570, 0.040763042424572786
135, 7529, 0.04003242445999994
136, 7424, 0.04108812420872011
137, 7494, 0.04001381343382877
138, 7418, 0.03975928064825141
139, 7619, 0.03951981619442949
140, 7568, 0.03949610966416027
141, 7496, 0.04042743926022863
142, 7479, 0.0398310286334814
143, 7374, 0.0405547413715974
144, 7418, 0.03950625059490355
145, 7415, 0.039776501740436954
146, 7354, 0.039902175028387527
147, 7462, 0.040426171203399384
148, 7404, 0.03998592755074491
149, 7555, 0.03911855188258453
0, 60000, 1.0027916385965832
1, 60000, 0.7731886435363252
2, 60000, 0.5897758214150445
3, 60000, 0.46668446922706347
4, 60000, 0.38220679658954426
5, 60000, 0.32452018230648366
6, 60000, 0.2795282286607613
7, 60000, 0.24124017029495562
8, 60000, 0.21046657531948412
9, 60000, 0.18603810175495633
10, 60000, 0.16509328189037614
11, 60000, 0.14779014594979206
12, 60000, 0.13209192486385168
13, 60000, 0.11973052970686202
14, 60000, 0.109851640664925
15, 60000, 0.10204932731339487
16, 60000, 0.09496781709840742
17, 60000, 0.08936133702932778
18, 60000, 0.08464986799379527
19, 60000, 0.08021697073669756
20, 60000, 0.07713463106902979
21, 60000, 0.073913646514638
22, 60000, 0.07145728316094915
23, 60000, 0.06882398796536154
24, 60000, 0.06677457664982747
25, 60000, 0.06510068289935589
26, 60000, 0.06355998469358784
27, 60000, 0.062278285180613145
28, 60000, 0.060530911531236214
29, 60000, 0.05998768215462313
30, 60000, 0.05850725450505644
31, 7688, 0.08043734677856146
32, 7442, 0.06779469232175064
33, 7441, 0.06610617138663258
34, 7403, 0.06357624485529528
35, 7387, 0.06154854516120576
36, 7501, 0.06234194424635122
37, 7525, 0.06409292426638752
38, 7448, 0.060434632372830886
39, 7604, 0.05981288073369236
40, 7425, 0.058753195563147446
41, 7382, 0.05934400329715423
42, 7407, 0.0584727022193863
43, 7507, 0.05769624450074112
44, 7608, 0.05692254924219199
45, 7623, 0.05506782275908802
46, 7547, 0.0564522906117417
47, 7514, 0.05411069926296197
48, 7435, 0.05508047160694841
49, 7385, 0.05264536830292463
50, 7528, 0.05245457503199028
51, 7385, 0.05333526879119136
52, 7458, 0.05212732629411043
53, 7476, 0.051671143384938466
54, 7543, 0.051476885668184764
55, 7452, 0.05195922687513658
56, 7505, 0.04908990766843966
57, 7518, 0.053313337530029675
58, 7504, 0.05111955316988271
59, 7670, 0.050862451013592394
60, 7426, 0.050270199602406515
61, 7463, 0.04892610132646384
62, 7488, 0.04797969635583874
63, 7644, 0.04853856765872935
64, 7567, 0.04875099313451729
65, 7522, 0.047621603769575194
66, 7484, 0.04722883818091597
67, 7474, 0.048209618964338154
68, 7591, 0.046216049988815976
69, 7326, 0.04706224074308601
70, 7711, 0.04541895424130415
71, 7459, 0.04573565665562332
72, 7546, 0.04759778885342102
73, 7513, 0.046970277350210365
74, 7489, 0.04598460864422359
75, 7395, 0.04697489813868057
76, 7455, 0.05174247176561275
77, 7473, 0.04582729993801774
78, 7484, 0.044953497089984515
79, 7376, 0.0470763125638808
80, 7373, 0.04257899074962332
81, 7373, 0.04519352447314129
82, 7487, 0.04507507063218632
83, 7578, 0.044611439895958026
84, 7598, 0.04434068354668433
85, 7571, 0.04416704960259058
86, 7286, 0.04536493473341311
87, 7505, 0.04333295811173941
88, 7438, 0.043609953605966346
89, 7488, 0.043493122485202276
90, 7475, 0.04362019268454116
91, 7518, 0.042134103699535096
92, 7411, 0.04316985378034888
93, 7437, 0.04332413793878102
94, 7559, 0.043534342252525345
95, 7517, 0.04312207886769388
96, 7412, 0.04166198318448849
97, 7622, 0.04318593771733498
98, 7425, 0.04206387421014198
99, 7426, 0.04159053846316702
100, 7416, 0.04274446222403045
101, 7584, 0.04363657025688246
102, 7520, 0.04437219741803486
103, 7484, 0.042678471714544156
104, 7470, 0.042855346748400615
105, 7407, 0.043052098931042074
106, 7557, 0.04250615937111349
107, 7504, 0.040691900987577016
108, 7410, 0.041273041756090284
109, 7529, 0.041679307000801975
110, 7444, 0.04185113497344491
111, 7407, 0.04186492046589712
112, 7494, 0.04275154210361014
113, 7555, 0.040923447097063956
114, 7472, 0.0413255679280672
115, 7511, 0.04252732107077899
116, 7416, 0.040805352513239246
117, 7398, 0.04123059997370368
118, 7526, 0.042538289803969155
119, 7471, 0.04101010078492326
120, 7549, 0.04046593541880412
121, 7512, 0.041157118645359966
122, 7459, 0.03991302310047187
123, 7491, 0.040858606575566385
124, 7567, 0.04220587526865873
125, 7502, 0.041055721074332904
126, 7415, 0.04310395268584469
127, 7513, 0.04098969672849003
128, 7315, 0.040339839911994343
129, 7448, 0.0406366125876912
130, 7489, 0.03951486270836693
131, 7480, 0.040923968463166094
132, 7388, 0.04069125806304475
133, 7509, 0.041083917153585385
134, 7433, 0.0397978139226652
135, 7493, 0.03940134639254221
136, 7512, 0.04131875376460435
137, 7411, 0.04112558811262411
138, 7441, 0.041437129341971544
139, 7475, 0.03959558976545868
140, 7450, 0.03984888327412017
141, 7412, 0.03925679401380689
142, 7393, 0.04077084850095896
143, 7531, 0.04000114987714925
144, 7452, 0.04267264546806745
145, 7479, 0.039814987199461666
146, 7515, 0.04095202784880618
147, 7423, 0.039509947951769334
148, 7558, 0.04042954917622238
149, 7503, 0.03883901093445325
0, 60000, 1.0033470902402521
1, 60000, 0.7674919174889386
2, 60000, 0.5701974754111242
3, 60000, 0.445023080049935
4, 60000, 0.3680637632891283
5, 60000, 0.3149906712568412
6, 60000, 0.27280773689686244
7, 60000, 0.23683842789318602
8, 60000, 0.20674977969315092
9, 60000, 0.18204360467902683
10, 60000, 0.15973393997903598
11, 60000, 0.14193212051512832
12, 60000, 0.12777407833580243
13, 60000, 0.11605414805018295
14, 60000, 0.1073032824038449
15, 60000, 0.0991642037564415
16, 60000, 0.09211388280836202
17, 60000, 0.08803752569829003
18, 60000, 0.0829070680853674
19, 60000, 0.07912846206355903
20, 60000, 0.07599880476876841
21, 60000, 0.07287454125234637
22, 60000, 0.07021975744578798
23, 60000, 0.06792959520372294
24, 60000, 0.06580824401797884
25, 60000, 0.06435518288763903
26, 60000, 0.0619268548374964
27, 60000, 0.060936604642261895
28, 60000, 0.0590404564735748
29, 60000, 0.058396672956266646
30, 60000, 0.05735673850118104
31, 7521, 0.07838809673939717
32, 7472, 0.06870953456037898
33, 7508, 0.06335512515703325
34, 7489, 0.06256093994073295
35, 7476, 0.0611037342387699
36, 7480, 0.06171318130157239
37, 7293, 0.06051677233349312
38, 7570, 0.05744202549012539
39, 7447, 0.05943886015227119
40, 7543, 0.05748395946892477
41, 7538, 0.056837609994501666
42, 7406, 0.05731323074005588
43, 7284, 0.05524398383156199
44, 7521, 0.05454830047180154
45, 7547, 0.05567677639777891
46, 7554, 0.0525247313083239
47, 7441, 0.05256713859395452
48, 7417, 0.05286186359239899
49, 7549, 0.05321282824618801
50, 7632, 0.05629611674600448
51, 7416, 0.050631730051710164
52, 7470, 0.049652050240990016
53, 7454, 0.05077671272110195
54, 7406, 0.04909756862601074
55, 7481, 0.05074443257279029
56, 7413, 0.049142522576557386
57, 7445, 0.04964751506774593
58, 7574, 0.04926710849504436
59, 7469, 0.05050576826798363
60, 7480, 0.04871332458982666
61, 7503, 0.04732179410981992
62, 7491, 0.04657831089290452
63, 7461, 0.04724002688275862
64, 7500, 0.047642168046986316
65, 7625, 0.046339494356202895
66, 7494, 0.046992714596638605
67, 7460, 0.04752031276165889
68, 7475, 0.04628393845063508
69, 7323, 0.04725943447535623
70, 7548, 0.04470120677237317
71, 7359, 0.047201150336250185
72, 7325, 0.046002629158689703
73, 7557, 0.045600052243372075
74, 7404, 0.046873038374518484
75, 7516, 0.045477927312306946
76, 7498, 0.04621862159908229
77, 7470, 0.046335807861425535
78, 7527, 0.04548808320162647
79, 7479, 0.047222953600285736
80, 7539, 0.04451039340129023
81, 7451, 0.04439610628599889
82, 7464, 0.04623201659793926
83, 7499, 0.04487577545544737
84, 7399, 0.044680863621668454
85, 7426, 0.04451625869837559
86, 7694, 0.04345491225653355
87, 7585, 0.04307332473773358
88, 7553, 0.04363786180045424
89, 7417, 0.04467399284625497
90, 7438, 0.04300358128342633
91, 7464, 0.04372069869280789
92, 7367, 0.04456769031399591
93, 7573, 0.04405997520583423
94, 7438, 0.04322911507734621
95, 7413, 0.04284539798836805
96, 7512, 0.04335936304248458
97, 7403, 0.042039924904359274
98, 7506, 0.043320466460836766
99, 7433, 0.04268782488119192
100, 7484, 0.042300331968993465
101, 7480, 0.04257609585986267
102, 7410, 0.04359592324324275
103, 7505, 0.043510649642680116
104, 7457, 0.04136758722580625
105, 7414, 0.041580306941484166
106, 7414, 0.04343096580560751
107, 7532, 0.042272858488254954
108, 7454, 0.042091578043669045
109, 7424, 0.04140289915279707
110, 7392, 0.044283786111100884
111, 7430, 0.04162618235402936
112, 7467, 0.041251074145034254
113, 7501, 0.0416608254588552
114, 7384, 0.04092199640493529
115, 7544, 0.04339425035361398
116, 7564, 0.04113104405446449
117, 7488, 0.041472926325225506
118, 7408, 0.04147960626484994
119, 7402, 0.04090483881445001
120, 7542, 0.04073849993767664
121, 7394, 0.041376228561326445
122, 7442, 0.041455448675256905
123, 7402, 0.04124828412852283
124, 7408, 0.04047559766738699
125, 7566, 0.04145277926372587
126, 7358, 0.04114690202934719
127, 7536, 0.041665799480207884
128, 7528, 0.04025726371127754
129, 7455, 0.039449157355404836
130, 7492, 0.041869241601586914
131, 7435, 0.04009867631842137
132, 7598, 0.04021250521729482
133, 7512, 0.03972435715590949
134, 7580, 0.041366233408481196
135, 7380, 0.03930955217473606
136, 7350, 0.03964688976557301
137, 7531, 0.04028543773363754
138, 7493, 0.03977598006877
139, 7545, 0.04096535607596067
140, 7320, 0.03961435471935062
141, 7521, 0.041244592238482744
142, 7437, 0.0400385113739392
143, 7645, 0.03984533568555239
144, 7417, 0.04077639412622628
145, 7475, 0.04090171347036255
146, 7461, 0.039617117262036025
147, 7565, 0.03898663536953378
148, 7494, 0.03948416706639957
149, 7503, 0.039218927312117784
0, 60000, 1.1200973704709845
1, 60000, 0.8871020336272353
2, 60000, 0.682554011122655
3, 60000, 0.537459233302181
4, 60000, 0.4339540365893962
5, 60000, 0.3595828605910479
6, 60000, 0.30243648386607735
7, 60000, 0.2578552257964167
8, 60000, 0.2217089165065248
9, 60000, 0.19260659839137126
10, 60000, 0.16991853991807518
11, 60000, 0.1529157929501291
12, 60000, 0.13930958610470012
13, 60000, 0.12670550356476995
14, 60000, 0.11457614947931241
15, 60000, 0.10502417038305331
16, 60000, 0.09709384589124534
17, 60000, 0.09079176837862549
18, 60000, 0.08478907906150414
19, 60000, 0.0812111888396538
20, 60000, 0.07618217176552546
21, 60000, 0.07314793601379556
22, 60000, 0.07142464690289255
23, 60000, 0.06788986441442522
24, 60000, 0.06650997101629184
25, 60000, 0.06430152617394924
26, 60000, 0.0630106669298168
27, 60000, 0.0611625219679485
28, 60000, 0.05996064011449531
29, 60000, 0.05877924533718723
30, 60000, 0.05760032181643834
31, 7379, 0.0781659830172582
32, 7455, 0.06720130580756235
33, 7548, 0.06559453295517846
34, 7571, 0.06390771933687216
35, 7523, 0.06215405929804988
36, 7493, 0.06086328582460361
37, 7610, 0.062227797610862515
38, 7484, 0.058207476023104714
39, 7482, 0.05915897576942097
40, 7451, 0.05853375709507258
41, 7475, 0.05760437154997161
42, 7451, 0.05796563126883248
43, 7508, 0.05589070004314958
44, 7581, 0.056007258467624575
45, 7504, 0.05417917460367456
46, 7514, 0.05669155412260043
47, 7395, 0.053812880837662586
48, 7403, 0.05332328927406037
49, 7538, 0.051812099512448806
50, 7391, 0.05102658717697921
51, 7443, 0.052015602043750976
52, 7625, 0.050930186660819395
53, 7550, 0.050985450365427246
54, 7478, 0.05066512644886046
55, 7422, 0.04905338256320076
56, 7490, 0.051361922047275035
57, 7467, 0.0491783896984692
58, 7522, 0.050091111396405125
59, 7537, 0.04899413583266228
60, 7446, 0.04830937695018468
61, 7426, 0.045316878121346875
62, 7437, 0.04926662269855167
63, 7598, 0.04916879536229919
64, 7431, 0.046743410632525434
65, 7516, 0.04865339055597022
66, 7534, 0.047888963268587104
67, 7475, 0.046191898963170885
68, 7545, 0.045966884706877646
69, 7449, 0.04940198575694172
70, 7471, 0.05163520263315009
71, 7606, 0.046794984201909744
72, 7552, 0.04575834657316327
73, 7598, 0.04650929942345982
74, 7533, 0.04552479916916605
75, 7661, 0.0460581695570221
76, 7530, 0.04570291651046371
77, 7527, 0.045512546759024365
78, 7449, 0.04442736785520588
79, 7362, 0.04631642381435214
80, 7429, 0.0449974944093852
81, 7417, 0.04627365143453345
82, 7492, 0.04398562544503016
83, 7378, 0.045439298089859
84, 7361, 0.044665815361501875
85, 7498, 0.04575087190419999
86, 7489, 0.04358130403577141
87, 7474, 0.04397724902972718
88, 7560, 0.044149240610355134
89, 7405, 0.044172979306653266
90, 7575, 0.04358257872295465
91, 7453, 0.04254140159613707
92, 7392, 0.043732245570597544
93, 7431, 0.04306441654704877
94, 7539, 0.042549704475062775
95, 7448, 0.0425468508639476
96, 7428, 0.04287344619976415
97, 7535, 0.04219161991765164
98, 7479, 0.043177569569112006
99, 7487, 0.04458482547531863
100, 7342, 0.04270889201174709
101, 7518, 0.04189493896603451
102, 7444, 0.04265769036527215
103, 7418, 0.04357312529526094
104, 7499, 0.041383499090066576
105, 7478, 0.042505779586321346
106, 7489, 0.042435118216625184
107, 7494, 0.041267223172147975
108, 7309, 0.04326970030718781
109, 7411, 0.04217788523675755
110, 7489, 0.04215960430697601
111, 7512, 0.04045398970336318
112, 7586, 0.042007943829485306
113, 7470, 0.04227858742512041
114, 7442, 0.041376416807756854
115, 7402, 0.042081884406353944
116, 7480, 0.0417695434140217
117, 7498, 0.04136139122609048
118, 7490, 0.040992615210810025
119, 7363, 0.04066797386281712
120, 7374, 0.04212210241368955
121, 7570, 0.04108743100598293
122, 7452, 0.040989831684821544
123, 7656, 0.04065775369110236
124, 7401, 0.04153995134269966
125, 7422, 0.04110926137681565
126, 7375, 0.04043434487543553
127, 7476, 0.04019446046087014
128, 7469, 0.039978389078864106
129, 7379, 0.040227508790535806
130, 7544, 0.04107057215741895
131, 7462, 0.04155349282886694
132, 7521, 0.039377372040339455
133, 7509, 0.04075438570065632
134, 7450, 0.04079724985917734
135, 7584, 0.040258962045911784
136, 7549, 0.04045463096158939
137, 7508, 0.04084517985112803
138, 7428, 0.041155984847004584
139, 7487, 0.041055307570960965
140, 7525, 0.04052755673946583
141, 7531, 0.039548563024735243
142, 7378, 0.039975061511312276
143, 7553, 0.04023589196201879
144, 7444, 0.03910572647608916
145, 7376, 0.03984950639200584
146, 7385, 0.03985962941778122
147, 7542, 0.039674656060656614
148, 7518, 0.04017268746308699
149, 7492, 0.04037197416579088
0, 60000, 0.9934672031362178
1, 60000, 0.7557871755907091
2, 60000, 0.561329433220928
3, 60000, 0.442677663544477
4, 60000, 0.3654696815094705
5, 60000, 0.3113525128465588
6, 60000, 0.26887562062780734
7, 60000, 0.23408820745298417
8, 60000, 0.20450472730701252
9, 60000, 0.18026135382005723
10, 60000, 0.1614144695764881
11, 60000, 0.14555830142255557
12, 60000, 0.1307547483277523
13, 60000, 0.11792336113877215
14, 60000, 0.1069752079576759
15, 60000, 0.09840296751866906
16, 60000, 0.09183419761011156
17, 60000, 0.08641500556367938
18, 60000, 0.08143171036647538
19, 60000, 0.07761215885816994
20, 60000, 0.07411978709495674
21, 60000, 0.07143408198982983
22, 60000, 0.06811134640316842
23, 60000, 0.06644543661278184
24, 60000, 0.06461034446828447
25, 60000, 0.0648243315833605
26, 60000, 0.06181065100481955
27, 60000, 0.06088082302929992
28, 60000, 0.05890539698934151
29, 60000, 0.05823698163158813
30, 60000, 0.056632381627115154
31, 7531, 0.07673418321802974
32, 7435, 0.06636064215501027
33, 7492, 0.06411314987778301
34, 7499, 0.06140468215360052
35, 7505, 0.059981461875416246
36, 7538, 0.05879778577592212
37, 7499, 0.05783733936751348
38, 7383, 0.05723571691115083
39, 7521, 0.058240958317249326
40, 7404, 0.057660057695882304
41, 7461, 0.05536777904013062
42, 7477, 0.053199321750983485
43, 7411, 0.05572179427068764
44, 7555, 0.053976900678251824
45, 7654, 0.05539032789569731
46, 7524, 0.05473370566897338
47, 7368, 0.05277148033889951
48, 7470, 0.051925948395538525
49, 7580, 0.05260652439324938
50, 7457, 0.056740969141965886
51, 7318, 0.049717250405250074
52, 7422, 0.050778636364333656
53, 7491, 0.05074449008176781
54, 7384, 0.05157641263369105
55, 7586, 0.051753580911258354
56, 7470, 0.05029800506456891
57, 7540, 0.0489546059271183
58, 7395, 0.049425724334853115
59, 7340, 0.04812240816938261
60, 7570, 0.04631350224639346
61, 7474, 0.04947592930824928
62, 7421, 0.04892113176159634
63, 7628, 0.04808727011644515
64, 7498, 0.046359759330690836
65, 7557, 0.047678980387645585
66, 7514, 0.04716846194523204
67, 7476, 0.04772760483454262
68, 7417, 0.04790659198014099
69, 7480, 0.05151520008195525
70, 7391, 0.048826688390961055
71, 7421, 0.04609960978841014
72, 7492, 0.04709847220706311
73, 7537, 0.04671624487895877
74, 7465, 0.04553654528919732
75, 7456, 0.04402454824895056
76, 7565, 0.04500308683528761
77, 7427, 0.04650713087012254
78, 7578, 0.04489556232636284
79, 7523, 0.043129243153282544
80, 7361, 0.043494733736965184
81, 7406, 0.04479330907817081
82, 7468, 0.04528860420536638
83, 7330, 0.045127536868751164
84, 7614, 0.0460046367052495
85, 7622, 0.04344507601537382
86, 7443, 0.043390511811022874
87, 7615, 0.04484794692568942
88, 7541, 0.04377783299166961
89, 7483, 0.043286163485118934
90, 7571, 0.042209315012737114
91, 7395, 0.04333202820561583
92, 7394, 0.04346822597178307
93, 7353, 0.04184690285944061
94, 7565, 0.04392046558500729
95, 7502, 0.0429648617463973
96, 7499, 0.04288499610298255
97, 7397, 0.04223519466382996
98, 7572, 0.0429432736941715
99, 7391, 0.04361160664937697
100, 7321, 0.04140700691858515
101, 7466, 0.04412245099429593
102, 7507, 0.041398613841563923
103, 7590, 0.04286802438138382
104, 7474, 0.042264843143142654
105, 7457, 0.04302579377182291
106, 7524, 0.04248075456470695
107, 7392, 0.04151058479450641
108, 7410, 0.04065145333786055
109, 7424, 0.0422653734681566
110, 7566, 0.04356013490425071
111, 7443, 0.042959209249491495
112, 7402, 0.04187558076211267
113, 7430, 0.042073952617906654
114, 7488, 0.04232541771160789
115, 7341, 0.042462814829309165
116, 7627, 0.04185507913104347
117, 7548, 0.041230272726488985
118, 7521, 0.04075211724083358
119, 7392, 0.04041139881866031
120, 7395, 0.04037181156262586
121, 7529, 0.042194801844362334
122, 7479, 0.04103454554184371
123, 7575, 0.04126896946946819
124, 7459, 0.040902489760010555
125, 7439, 0.041475840984284536
126, 7516, 0.04052763401470557
127, 7406, 0.04126585317736776
128, 7492, 0.04068022669161717
129, 7603, 0.04106912752011521
130, 7489, 0.04079033902617139
131, 7475, 0.04204831506838945
132, 7560, 0.04003726541840454
133, 7644, 0.04060095923343401
134, 7408, 0.040061170828280625
135, 7474, 0.040100250380946105
136, 7522, 0.04069992917626481
137, 7481, 0.03993012396095932
138, 7481, 0.04091529894819096
139, 7483, 0.0401959966301315
140, 7544, 0.04048351417218706
141, 7420, 0.04028100326783633
142, 7508, 0.04075465238689337
143, 7433, 0.040053156279937094
144, 7597, 0.04005434300638384
145, 7453, 0.03988730905843394
146, 7573, 0.03950026774129428
147, 7591, 0.04009406374893248
148, 7598, 0.039949483059865634
149, 7481, 0.0397079320923487
0, 60000, 1.046979205588163
1, 60000, 0.7926888127448195
2, 60000, 0.6168724101478771
3, 60000, 0.5043035437495021
4, 60000, 0.42435578572548044
5, 60000, 0.35824876821647256
6, 60000, 0.30457859574738194
7, 60000, 0.2605490127609948
8, 60000, 0.22633811086416245
9, 60000, 0.19835576377177644
10, 60000, 0.17780178570646352
11, 60000, 0.16015020038111735
12, 60000, 0.1442580576670372
13, 60000, 0.1304296673733299
14, 60000, 0.11743660845746429
15, 60000, 0.10862928711004176
16, 60000, 0.09941018132840172
17, 60000, 0.09340450464416358
18, 60000, 0.08748457877565238
19, 60000, 0.08226470996515226
20, 60000, 0.07894388895671246
21, 60000, 0.07531035401053347
22, 60000, 0.0715221545453799
23, 60000, 0.06906303649736663
24, 60000, 0.06728809891994726
25, 60000, 0.06530547154656911
26, 60000, 0.06342221335586855
27, 60000, 0.0617649861753492
28, 60000, 0.060396742391384255
29, 60000, 0.05899058080325693
30, 60000, 0.058682999557862846
31, 7369, 0.07820113031079476
32, 7582, 0.06662983998169099
33, 7186, 0.06462548910642449
34, 7365, 0.06477350488713737
35, 7387, 0.061771357813192984
36, 7418, 0.06169082310822118
37, 7417, 0.059969976271691094
38, 7542, 0.05865971234641491
39, 7537, 0.05972590496851335
40, 7498, 0.058335927459762106
41, 7653, 0.056316015866996916
42, 7513, 0.057433427643361956
43, 7339, 0.05523315750624611
44, 7401, 0.057163749942882654
45, 7519, 0.05771515684948029
46, 7536, 0.055627532237368986
47, 7552, 0.056363104966773096
48, 7476, 0.05310730773024656
49, 7462, 0.05274198779689058
50, 7690, 0.05532244713472318
51, 7428, 0.0534648326414549
52, 7603, 0.05076226872014402
53, 7493, 0.05167849793297093
54, 7371, 0.05178054689485529
55, 7494, 0.05089167074328864
56, 7440, 0.05224155681463953
57, 7539, 0.05081641872775438
58, 7506, 0.04903823595109393
59, 7354, 0.0494441117947158
60, 7498, 0.04913642534432418
61, 7440, 0.04915010946693842
62, 7459, 0.05002567813143968
63, 7288, 0.048422061893613894
64, 7462, 0.04867814851672501
65, 7685, 0.0486121666066606
66, 7451, 0.04768506399971937
67, 7537, 0.04722114740970848
68, 7501, 0.04706517804098533
69, 7457, 0.04458914182308821
70, 7522, 0.04575248313414681
71, 7453, 0.048012748209632805
72, 7432, 0.046331157258483295
73, 7425, 0.04563430113620819
74, 7490, 0.04821214750909478
75, 7490, 0.04495937206886831
76, 7465, 0.046445763363094986
77, 7346, 0.04612761155516532
78, 7464, 0.04457038619556464
79, 7570, 0.04383451853945942
80, 7357, 0.04642519393837006
81, 7392, 0.04478201527848402
82, 7507, 0.04608029309772776
83, 7382, 0.0461317152937349
84, 7359, 0.050686849756469136
85, 7523, 0.04514854844314474
86, 7378, 0.045090552352393516
87, 7581, 0.04593163837660103
88, 7432, 0.04448991091590422
89, 7509, 0.044611126235716066
90, 7508, 0.04286440183331909
91, 7427, 0.04311411064343461
92, 7344, 0.04314723465385847
93, 7436, 0.04438754347255261
94, 7420, 0.044848773262491336
95, 7545, 0.0441402831496032
96, 7538, 0.04308074527585852
97, 7526, 0.04148356732214476
98, 7481, 0.04265436453653519
99, 7584, 0.04423809526412275
100, 7515, 0.04177593632714563
101, 7523, 0.04175120819132308
102, 7487, 0.041824004387756554
103, 7373, 0.042704841193991344
104, 7448, 0.0434385152143443
105, 7499, 0.042579608583006995
106, 7627, 0.043413631815140956
107, 7479, 0.04286080170774576
108, 7407, 0.04193801728066097
109, 7358, 0.04043225211528199
110, 7414, 0.04195934283242272
111, 7471, 0.04099956191419663
112, 7524, 0.040363363154456544
113, 7334, 0.04344464762599248
114, 7454, 0.04086838308226171
115, 7499, 0.04269414586935813
116, 7462, 0.04148755482294752
117, 7421, 0.04132103699421062
118, 7363, 0.04274297093656084
119, 7559, 0.042842840354235745
120, 7380, 0.041244745147483615
121, 7370, 0.040383159498141946
122, 7363, 0.041988311817405116
123, 7585, 0.04099994554059235
124, 7668, 0.040736582299991296
125, 7503, 0.04132069392325561
126, 7515, 0.041730185913693485
127, 7522, 0.042281248904963195
128, 7469, 0.04214696695536874
129, 7349, 0.042096780684346184
130, 7629, 0.04175130904348829
131, 7683, 0.039975656765669214
132, 7496, 0.04002808608926519
133, 7433, 0.04214684821613101
134, 7624, 0.04013901394973979
135, 7450, 0.040889004542563466
136, 7600, 0.03938443420961062
137, 7559, 0.0405593992081581
138, 7531, 0.041417698332785025
139, 7439, 0.03952581673071719
140, 7416, 0.04107251175490422
141, 7394, 0.04057639365967817
142, 7413, 0.04024936258050943
143, 7365, 0.04092867083023848
144, 7451, 0.04059222776343631
145, 7505, 0.03977679846525738
146, 7409, 0.03930813947938904
147, 7453, 0.041041048341858684
148, 7508, 0.03941512054837234
149, 7420, 0.039956815766903325
0, 60000, 1.0099345278941978
1, 60000, 0.7706228524951612
2, 60000, 0.5682298109187918
3, 60000, 0.4484498409901635
4, 60000, 0.3734365123308311
5, 60000, 0.3190443101575819
6, 60000, 0.2739191883701389
7, 60000, 0.23649815899335733
8, 60000, 0.2045848072837975
9, 60000, 0.1813159227623778
10, 60000, 0.1611001143010996
11, 60000, 0.1438337704640324
12, 60000, 0.1297528065614781
13, 60000, 0.11854921357106354
14, 60000, 0.10799464753876298
15, 60000, 0.10026487550240452
16, 60000, 0.09371328499105017
17, 60000, 0.08768564563686565
18, 60000, 0.08313406751317493
19, 60000, 0.07888604277523897
20, 60000, 0.0756493022002406
21, 60000, 0.07214130972654133
22, 60000, 0.06968161924663237
23, 60000, 0.06732402823991694
24, 60000, 0.06608786152959881
25, 60000, 0.06369295631046012
26, 60000, 0.061770241739133654
27, 60000, 0.060525307242395514
28, 60000, 0.05972529458418741
29, 60000, 0.05821715917248847
30, 60000, 0.05785216413185758
31, 7521, 0.07857261714619392
32, 7479, 0.06600213181173765
33, 7330, 0.06511949598054474
34, 7362, 0.06373949396254627
35, 7476, 0.06021782638188162
36, 7486, 0.06243684471152141
37, 7546, 0.059162153934210836
38, 7433, 0.058354852314426955
39, 7446, 0.060372383524908035
40, 7375, 0.05748487285905563
41, 7575, 0.057954030369165466
42, 7405, 0.05810596351387754
43, 7554, 0.05573674730342525
44, 7362, 0.05696498670253477
45, 7571, 0.05386770903120895
46, 7435, 0.05639168199638436
47, 7466, 0.053019827912757646
48, 7453, 0.05448345502933844
49, 7455, 0.055552989972699175
50, 7379, 0.051969867103561204
51, 7325, 0.05232852103230235
52, 7348, 0.049844890638775445
53, 7430, 0.0507560755458703
54, 7426, 0.05362872456755448
55, 7482, 0.05081109860382273
56, 7419, 0.050442689664709064
57, 7456, 0.049588163774431655
58, 7543, 0.05002094462665772
59, 7448, 0.04976334118423086
60, 7384, 0.04812623723657077
61, 7372, 0.04969071907137053
62, 7507, 0.04899092213118444
63, 7237, 0.04740797616785762
64, 7644, 0.04830356977932213
65, 7616, 0.049022440763906126
66, 7372, 0.04877169608487556
67, 7473, 0.04676779126450585
68, 7481, 0.04660424729499179
69, 7504, 0.04762792967818427
70, 7591, 0.048374809322828075
71, 7506, 0.046596145378773386
72, 7518, 0.046007213001194244
73, 7417, 0.04497878678931172
74, 7421, 0.04743450820957994
75, 7538, 0.044401189717789474
76, 7539, 0.04474734105845623
77, 7574, 0.0450925728742947
78, 7484, 0.04569995592256554
79, 7485, 0.04464687709853948
80, 7430, 0.04552724971106318
81, 7542, 0.04478851234317559
82, 7398, 0.04408837499462148
83, 7472, 0.04587512717795229
84, 7441, 0.04479894561114333
85, 7576, 0.04596747414863363
86, 7465, 0.0450300162229453
87, 7417, 0.04407429746662361
88, 7503, 0.044247273175593266
89, 7497, 0.043431770279620634
90, 7455, 0.042313656293278296
91, 7382, 0.044880151187806486
92, 7581, 0.043400354009514794
93, 7408, 0.04445884619535212
94, 7407, 0.04312096210491865
95, 7515, 0.04221369705961845
96, 7412, 0.04258662287493845
97, 7479, 0.04298623528960286
98, 7652, 0.04206664513167912
99, 7450, 0.042903434595075826
100, 7589, 0.04187188074225288
101, 7508, 0.042167370316715996
102, 7519, 0.041763931742189946
103, 7528, 0.041574314043602734
104, 7438, 0.04167043705961826
105, 7210, 0.042775717120840974
106, 7549, 0.042915687203734246
107, 7496, 0.04327938565792387
108, 7505, 0.041747876505178895
109, 7543, 0.04134633678289614
110, 7483, 0.04160145566449796
111, 7549, 0.04355636312183543
112, 7472, 0.04205162113724414
113, 7761, 0.043133489943923325
114, 7615, 0.04092348047397525
115, 7386, 0.04132623257708081
116, 7412, 0.04195246403887273
117, 7544, 0.04041517035582411
118, 7538, 0.04190202625240808
119, 7424, 0.04227824972401629
120, 7442, 0.041855214200102214
121, 7451, 0.041393378949292695
122, 7497, 0.04096935755064425
123, 7501, 0.04130243424370012
124, 7550, 0.04104558063963096
125, 7576, 0.042117755643665246
126, 7540, 0.04082904598062651
127, 7491, 0.04164462489640055
128, 7495, 0.03999870063509408
129, 7394, 0.04040405769097708
130, 7529, 0.04096471662217175
131, 7587, 0.04085142834285346
132, 7473, 0.042058741788679466
133, 7450, 0.042914543035440525
134, 7494, 0.04189769343252896
135, 7453, 0.04099963073658696
136, 7542, 0.04070719351418898
137, 7412, 0.04127856727516897
138, 7596, 0.04011863109813424
139, 7528, 0.040902182437208716
140, 7349, 0.040815667214844704
141, 7470, 0.04086575634613372
142, 7538, 0.03972902315773012
143, 7412, 0.039945320838025725
144, 7491, 0.040209856001137495
145, 7453, 0.040174534179559254
146, 7384, 0.03923927820282227
147, 7450, 0.04060280927130122
148, 7454, 0.03916223212722331
149, 7470, 0.04042422363153279
0, 60000, 1.0066079340748868
1, 60000, 0.7518391437449697
2, 60000, 0.5727928008063364
3, 60000, 0.4576642273341195
4, 60000, 0.37832724618709695
5, 60000, 0.321811561109656
6, 60000, 0.2778573159949254
7, 60000, 0.24069865830874038
8, 60000, 0.2078334321662531
9, 60000, 0.1821072457705514
10, 60000, 0.1614278434949406
11, 60000, 0.1434678540138875
12, 60000, 0.12914888080904038
13, 60000, 0.11653755573650539
14, 60000, 0.10710710223953603
15, 60000, 0.09935289520328328
16, 60000, 0.09298924691343712
17, 60000, 0.0873017407069772
18, 60000, 0.08241045651799542
19, 60000, 0.07839402038667162
20, 60000, 0.07519615536271515
21, 60000, 0.07239378351023641
22, 60000, 0.06989816904573118
23, 60000, 0.06749898940324783
24, 60000, 0.06517665081862677
25, 60000, 0.06368274557388436
26, 60000, 0.06211413689336534
27, 60000, 0.06123017210323932
28, 60000, 0.05975832105061765
29, 60000, 0.05827693559103093
30, 60000, 0.05764656094044952
31, 7363, 0.07815639554725508
32, 7562, 0.06648717583528888
33, 7447, 0.06549233842442273
34, 7407, 0.06310918533135755
35, 7410, 0.061665253049527656
36, 7562, 0.06223337700924324
37, 7391, 0.05753118741356822
38, 7517, 0.058387201433327963
39, 7423, 0.05859176991730439
40, 7372, 0.059363590526540375
41, 7432, 0.05648782547351547
42, 7494, 0.05678281714428267
43, 7518, 0.0570200190073766
44, 7453, 0.05745835655284102
45, 7447, 0.05593584791956763
46, 7606, 0.05570877727111244
47, 7513, 0.05605331000275458
48, 7576, 0.053664848468357236
49, 7502, 0.05488677763927052
50, 7471, 0.05412860792695801
51, 7358, 0.04985162579330981
52, 7440, 0.053755215739107395
53, 7445, 0.05140765540798602
54, 7551, 0.052480257483984105
55, 7348, 0.05149937437409564
56, 7694, 0.052111389529363145
57, 7316, 0.05255913278183993
58, 7453, 0.04902286334040422
59, 7512, 0.04990142029761352
60, 7414, 0.0482421424320729
61, 7582, 0.048015796946411116
62, 7463, 0.049471501126385785
63, 7461, 0.04788094422380792
64, 7408, 0.04965325014841674
65, 7415, 0.04950425040752065
66, 7363, 0.048885856427342396
67, 7442, 0.04837488348385021
68, 7513, 0.045661208737140795
69, 7488, 0.04770763661337549
70, 7460, 0.05323754239407794
71, 7420, 0.04715106212367184
72, 7384, 0.04648830137542199
73, 7502, 0.04474333473829715
74, 7463, 0.04640896909424424
75, 7393, 0.045623531421211005
76, 7396, 0.05042899316813299
77, 7445, 0.04674238281355146
78, 7603, 0.04679856925306603
79, 7478, 0.04595423112184035
80, 7517, 0.04445581766046706
81, 7585, 0.044540303691041866
82, 7434, 0.04476677068770132
83, 7465, 0.04572828619805023
84, 7450, 0.043741262173888275
85, 7463, 0.043942131659425405
86, 7468, 0.04380456230537781
87, 7489, 0.04468548153102007
88, 7477, 0.044369376175360464
89, 7675, 0.04471188862257949
90, 7453, 0.04334799073671616
91, 7434, 0.044527979404019
92, 7570, 0.043474940898658505
93, 7516, 0.04185255327426909
94, 7481, 0.04460526607563312
95, 7456, 0.04447878080689706
96, 7487, 0.04319502138672357
97, 7495, 0.04225506020264253
98, 7520, 0.04352207250235455
99, 7585, 0.044930323769833344
100, 7476, 0.043295755096526924
101, 7502, 0.042175306630039905
102, 7487, 0.04195272854131247
103, 7372, 0.04275515087521124
104, 7477, 0.04112541097473195
105, 7392, 0.04181371801177837
106, 7529, 0.042683212737229394
107, 7448, 0.0427295767955194
108, 7441, 0.041916902440632064
109, 7522, 0.04157090686795019
110, 7410, 0.04288710769160879
111, 7418, 0.04196955359053684
112, 7588, 0.04238303367448202
113, 7511, 0.04009768763355596
114, 7355, 0.042152038676356834
115, 7299, 0.04312855799616484
116, 7589, 0.04078027716487308
117, 7329, 0.04114424912096657
118, 7476, 0.04095570357587744
119, 7523, 0.04244421917869721
120, 7583, 0.040971808211049295
121, 7445, 0.04117423310478484
122, 7397, 0.04091809789434647
123, 7458, 0.042045787635071386
124, 7483, 0.04170206378294841
125, 7460, 0.04095933064498859
126, 7408, 0.041949941773732284
127, 7474, 0.041200196281220035
128, 7366, 0.04041166308898032
129, 7478, 0.040572488483400566
130, 7498, 0.04115926443183076
131, 7437, 0.03994106328472186
132, 7387, 0.04242836121118624
133, 7603, 0.04089800801459297
134, 7569, 0.040201869470468124
135, 7463, 0.040496397116810696
136, 7394, 0.0408588136590291
137, 7460, 0.042334132422922485
138, 7516, 0.041586743310664864
139, 7564, 0.040484754657851424
140, 7459, 0.040779919911918816
141, 7504, 0.04137986477551008
142, 7413, 0.040928575548542526
143, 7476, 0.041184922300294184
144, 7446, 0.04025229297245277
145, 7366, 0.040422290020197885
146, 7416, 0.03952718996882375
147, 7459, 0.03862062845088473
148, 7404, 0.039036800457101985
149, 7584, 0.038597695527579065
0, 60000, 1.053706855086957
1, 60000, 0.7938929654784121
2, 60000, 0.6006369661476653
3, 60000, 0.47268905124421845
4, 60000, 0.38796243147324705
5, 60000, 0.32706341223191404
6, 60000, 0.28268456206483356
7, 60000, 0.24660863234835156
8, 60000, 0.21616575058739065
9, 60000, 0.18920088900347887
10, 60000, 0.16765692754317138
11, 60000, 0.14824574933213702
12, 60000, 0.13265441635907707
13, 60000, 0.12111968073551937
14, 60000, 0.11078662980916136
15, 60000, 0.10306209136368864
16, 60000, 0.09629376131599232
17, 60000, 0.09095764469544766
18, 60000, 0.08624696782079794
19, 60000, 0.0826210421904669
20, 60000, 0.07832038345730911
21, 60000, 0.07454305268445258
22, 60000, 0.07294048362616766
23, 60000, 0.06994283546583127
24, 60000, 0.06824288769798764
25, 60000, 0.06608511295990419
26, 60000, 0.06517026933320498
27, 60000, 0.06359861191299002
28, 60000, 0.061958297013731324
29, 60000, 0.06067792761881473
30, 60000, 0.059688238490183475
31, 7455, 0.0883853514755909
32, 7312, 0.07074785668386646
33, 7457, 0.06754584706059168
34, 7531, 0.06786536090339597
35, 7440, 0.06564671736982788
36, 7442, 0.06242502979202341
37, 7479, 0.06305971741266204
38, 7452, 0.06119499840644097
39, 7430, 0.06009394964249654
40, 7433, 0.05960844386391341
41, 7445, 0.06149642688828497
42, 7481, 0.057197615893408105
43, 7391, 0.05909024978087548
44, 7496, 0.0571439006170493
45, 7539, 0.05573706164715359
46, 7513, 0.05450084456608704
47, 7302, 0.05700466409318231
48, 7524, 0.05849223349958583
49, 7488, 0.05421234620476255
50, 7563, 0.05220315805947629
51, 7500, 0.053296975890344156
52, 7365, 0.05433775215388448
53, 7391, 0.0526459643201241
54, 7320, 0.05128443507322468
55, 7435, 0.05220484114644834
56, 7424, 0.051207352073280615
57, 7532, 0.04931161320373725
58, 7375, 0.05027463934775672
59, 7462, 0.05030904423406547
60, 7367, 0.04963319392146753
61, 7439, 0.04985750031653534
62, 7405, 0.05053367142058368
63, 7434, 0.04845957893153622
64, 7498, 0.04833839966014724
65, 7620, 0.05085108687492157
66, 7438, 0.048580816640324806
67, 7502, 0.04931991566745345
68, 7491, 0.04846540642975882
69, 7498, 0.04740879404673465
70, 7533, 0.04703909556930296
71, 7463, 0.0448844874143148
72, 7477, 0.0461664016341453
73, 7409, 0.047660325344012884
74, 7448, 0.04705007181251073
75, 7497, 0.047042446130663954
76, 7536, 0.045498368437804165
77, 7439, 0.04665989003220027
78, 7495, 0.042952401613758844
79, 7505, 0.04628268010370025
80, 7585, 0.04525612668142573
81, 7416, 0.04500406388285331
82, 7407, 0.046421509574091996
83, 7360, 0.04586642827889192
84, 7408, 0.0449127144972513
85, 7514, 0.042968886289057345
86, 7507, 0.04724516646946929
87, 7471, 0.04357852731317018
88, 7345, 0.04476141106867905
89, 7483, 0.044807780483466376
90, 7400, 0.04178330494552419
91, 7480, 0.0430197800854203
92, 7507, 0.04382462572254516
93, 7399, 0.043601464927438216
94, 7394, 0.04507157858261329
95, 7541, 0.043151465902784895
96, 7442, 0.04413882482683594
97, 7535, 0.04311939376468672
98, 7448, 0.042782279500637954
99, 7464, 0.04381842909646842
100, 7508, 0.042472977609206375
101, 7419, 0.043316116725254906
102, 7513, 0.04130089583566133
103, 7489, 0.04247457316739222
104, 7369, 0.04151569591144307
105, 7442, 0.04314446931457606
106, 7356, 0.04398952240236983
107, 7512, 0.04316754882501186
108, 7478, 0.04220442966480356
109, 7323, 0.043156825588979535
110, 7276, 0.041754671790443044
111, 7571, 0.042444043552604754
112, 7597, 0.041721735906360836
113, 7546, 0.0425915499999803
114, 7559, 0.04167700151600898
115, 7465, 0.04102991002283341
116, 7366, 0.04121611516663836
117, 7575, 0.04314352882871559
118, 7454, 0.041590842858915844
119, 7556, 0.04095855795375022
120, 7459, 0.043167341397995426
121, 7599, 0.04055047028952751
122, 7466, 0.04215212641574636
123, 7493, 0.041684522422766206
124, 7429, 0.041493912567759327
125, 7624, 0.04017232504999779
126, 7444, 0.041104694303880245
127, 7505, 0.04129880442803587
128, 7601, 0.04158672380330458
129, 7513, 0.041823638139387866
130, 7471, 0.040765485277275804
131, 7411, 0.04155757576731765
132, 7379, 0.042468975746294574
133, 7646, 0.04254081797862126
134, 7373, 0.039884823668096744
135, 7512, 0.039953540129424946
136, 7386, 0.04140378490058911
137, 7600, 0.04082355118113865
138, 7516, 0.04084212204671586
139, 7441, 0.039331218930069266
140, 7616, 0.040201435208001436
141, 7446, 0.0421108117170032
142, 7470, 0.04096397831821158
143, 7474, 0.04082082978247171
144, 7428, 0.04074571994165233
145, 7472, 0.03967109697123419
146, 7370, 0.039401715620843214
147, 7519, 0.03994148725277332
148, 7423, 0.04066584457205506
149, 7323, 0.040384636312843475
