0, 33373, 1.1263709274777653
1, 66994, 1.0626798093698755
2, 100574, 1.0319451742123231
3, 134039, 1.016656191792766
4, 167709, 1.0075008928794027
5, 201194, 0.9916045716964499
6, 234631, 0.950664415357742
7, 268342, 0.875171495072109
8, 302114, 0.7872937848783167
9, 335619, 0.6991787831905882
10, 369136, 0.6284159061218266
11, 402805, 0.573647143177015
12, 436486, 0.5274207906496714
13, 470179, 0.4875387566165225
14, 503981, 0.451642415338258
15, 537570, 0.42659711424743857
16, 571392, 0.4103336244048349
17, 605022, 0.3926888987440572
18, 638669, 0.3789455613892198
19, 672398, 0.36702017700026174
20, 705753, 0.3553480149841546
21, 739191, 0.3439137029810929
22, 772671, 0.33476518320786
23, 806425, 0.32488799081219993
24, 840066, 0.31560931243699175
25, 873873, 0.3067407855847455
26, 907484, 0.29838014627610526
27, 940784, 0.2909081942028122
28, 974425, 0.2843696754753304
29, 1008130, 0.27668809556091584
30, 1042053, 0.27091432367489043
31, 1075530, 0.2637393255475019
32, 1109337, 0.2579954997335622
33, 1143101, 0.2544661966587986
34, 1176803, 0.24885195243383457
35, 1210492, 0.24561482336461957
36, 1244248, 0.24378098683121863
37, 1277891, 0.2387978697329914
38, 1311381, 0.23578349311301955
39, 1344936, 0.23248747627058117
40, 1378486, 0.23036734911396148
41, 1412207, 0.22767513756564503
42, 1445681, 0.22663350434121116
43, 1479393, 0.22478591637457682
44, 1513102, 0.22323495309389663
45, 1546517, 0.2212841080021145
46, 1580059, 0.22132247848658076
47, 1613727, 0.2190997279797235
48, 1647395, 0.21819318137458388
49, 1680910, 0.21635864849955624
50, 1714533, 0.2161388202008731
51, 1748313, 0.21485940315971744
52, 1781947, 0.21372965846585784
53, 1815460, 0.2132678594726827
54, 1849250, 0.21166881523989864
55, 1883025, 0.21078355149208444
56, 1916817, 0.20995355651483313
57, 1950488, 0.20955261653361396
58, 1984189, 0.2083940649368254
59, 2017870, 0.20803392908518034
60, 2051630, 0.20826140134567567
61, 2085158, 0.20699570238044196
62, 2118889, 0.20550580598291052
63, 2152548, 0.20553318952556449
64, 2186251, 0.20544601841700563
65, 2219854, 0.20458303634105707
66, 2253316, 0.2045569171666937
67, 2286819, 0.20663253438683568
68, 2320491, 0.20423483067114606
69, 2354197, 0.20394873953610132
70, 2387756, 0.20353388338505463
71, 2421439, 0.20284848974898473
72, 2455031, 0.20352835750058235
73, 2488624, 0.20094066464728272
74, 2522218, 0.2024448333583329
75, 2555931, 0.20185522220629545
76, 2589427, 0.2015678602819399
77, 2623151, 0.20104171882839872
78, 2656706, 0.20088438692662164
79, 2690372, 0.20049110644279927
80, 2723969, 0.20004899909758292
81, 2757461, 0.19977006288822385
82, 2791040, 0.20338275702699088
83, 2824732, 0.19968354603855826
84, 2858063, 0.1995934019597387
85, 2891757, 0.19948351754928456
86, 2925353, 0.1983927179059826
87, 2959097, 0.19883285073704293
88, 2992672, 0.19663531047341723
89, 3026297, 0.1909988349539404
90, 3059985, 0.18201333484562754
91, 3093584, 0.17491883710553918
92, 3127103, 0.16962560153554498
93, 3160613, 0.16643947181000682
94, 3194300, 0.16301719098970796
95, 3228023, 0.16032662471598078
96, 3261592, 0.15772624435223392
97, 3295348, 0.15687641813978942
98, 3329129, 0.15475021238471917
99, 3362718, 0.15445481393396635
100, 3396198, 0.15315290467577178
101, 3429756, 0.15094263328502727
102, 3463437, 0.14991604728047064
103, 3497039, 0.14860116697025627
104, 3530680, 0.14632053075607773
105, 3564467, 0.14641437687642744
106, 3598042, 0.14452465592965028
107, 3631797, 0.14366908723945324
108, 3665301, 0.1423871819988674
109, 3698934, 0.1409622023295862
110, 3732617, 0.14006517096550328
111, 3766507, 0.1410800949586897
112, 3800264, 0.13838148911159173
113, 3833740, 0.13812490416490883
114, 3867552, 0.13672220965771592
115, 3901219, 0.13648292675351378
116, 3935015, 0.13555656366878327
117, 3968749, 0.13499224990789313
118, 4002343, 0.13399222433426697
119, 4036056, 0.13291710311253643
120, 4069827, 0.13356123637318765
121, 4103274, 0.13269083511924257
122, 4136787, 0.1325599554402084
123, 4170254, 0.13229459215451753
124, 4203846, 0.13207063148446116
125, 4237592, 0.13150950197413533
126, 4271210, 0.1316702648186996
127, 4304763, 0.13051471028433284
128, 4338586, 0.1308269738698702
129, 4372186, 0.13054029041601997
130, 4405797, 0.12963580815478723
131, 4439335, 0.12980505962983951
132, 4472958, 0.12978210705814464
133, 4506548, 0.13009530625001653
134, 4540277, 0.12956744400934345
135, 4573925, 0.1290780224618437
136, 4607500, 0.12937002186796165
137, 4641294, 0.1286402061111377
138, 4674945, 0.12838865253959542
139, 4708512, 0.12903685892533223
140, 4742082, 0.12831042215838254
141, 4775771, 0.1278062779632856
142, 4809341, 0.12802699349503455
143, 4842748, 0.1276971882178933
144, 4876570, 0.1277423123229639
145, 4910363, 0.1278185743224824
146, 4943809, 0.12714074190433566
147, 4977574, 0.1278252427539942
148, 5011265, 0.1267169268687234
149, 5044960, 0.12742444598432295
0, 33453, 1.0568970569832954
1, 67046, 1.0274977115963162
2, 100642, 1.0116154276089455
3, 134294, 1.0026696798988999
4, 168122, 0.9729756957909178
5, 201868, 0.8925900160837188
6, 235418, 0.7916254264947374
7, 269221, 0.7073841002639883
8, 302997, 0.6391645318367986
9, 336839, 0.581242563394189
10, 370381, 0.5311345919206347
11, 404097, 0.49583711443952955
12, 437784, 0.4678381050855249
13, 471250, 0.44668828833814356
14, 504917, 0.42817395066341485
15, 538506, 0.41245863518287623
16, 572115, 0.39885978363761804
17, 605737, 0.3853231573534239
18, 639351, 0.37457636397029
19, 673167, 0.3624905451400123
20, 707071, 0.35412033367549756
21, 740936, 0.3428168063240976
22, 774692, 0.3336206587761157
23, 808283, 0.325215775848414
24, 841931, 0.31526821117837517
25, 875786, 0.30801016757671135
26, 909379, 0.30094429662906663
27, 942845, 0.2919719613753569
28, 976444, 0.2853289128863615
29, 1010030, 0.2778734353609386
30, 1043712, 0.2716255086901799
31, 1077326, 0.2639077576217697
32, 1111000, 0.258418475430282
33, 1144774, 0.2537778507295217
34, 1178189, 0.24919514762285688
35, 1211750, 0.24529650915524986
36, 1245603, 0.2418015857237354
37, 1279330, 0.2377813929446836
38, 1312990, 0.2349274292575667
39, 1346414, 0.23239659246939295
40, 1380018, 0.23009343316817418
41, 1413768, 0.22685728610977932
42, 1447345, 0.22600195312733026
43, 1480873, 0.22647594224209022
44, 1514541, 0.2222900513118659
45, 1548072, 0.2194646666916249
46, 1581858, 0.21897172283039654
47, 1615614, 0.21787716262696302
48, 1649389, 0.21652974624480442
49, 1683094, 0.21544097382199418
50, 1716827, 0.21280299357616264
51, 1750354, 0.21234002359989043
52, 1784062, 0.21082043708890705
53, 1817703, 0.21071186957223714
54, 1851549, 0.2113458858084597
55, 1885134, 0.2085048763379029
56, 1918846, 0.20767079090059157
57, 1952561, 0.20930664366443258
58, 1986252, 0.20633675854604294
59, 2019742, 0.20642907905719163
60, 2053393, 0.2053020730335469
61, 2087082, 0.2051331004532807
62, 2120774, 0.20450186614737983
63, 2154289, 0.20367558239456543
64, 2188098, 0.2034859795212895
65, 2221764, 0.20310923480332257
66, 2255383, 0.20312896191438637
67, 2288998, 0.20280296822519503
68, 2322531, 0.20180814670956684
69, 2356072, 0.20101620935543218
70, 2389375, 0.20162694447901744
71, 2423117, 0.20076163160521418
72, 2456835, 0.2001632337860857
73, 2490424, 0.19992831314058734
74, 2523868, 0.1999071705749144
75, 2557632, 0.1989796485683619
76, 2591326, 0.19982182456541406
77, 2625007, 0.19874729917458311
78, 2658407, 0.19914914222359015
79, 2692060, 0.1988050420948241
80, 2725832, 0.19841556068268118
81, 2759361, 0.19825152038659324
82, 2792849, 0.19829974559876465
83, 2826526, 0.1979143696597074
84, 2860302, 0.1979035754352939
85, 2893946, 0.1978312611137661
86, 2927557, 0.19746425089357575
87, 2961291, 0.1975066256396591
88, 2994985, 0.19758291333276837
89, 3028660, 0.19770359956240072
90, 3062429, 0.19663636218389532
91, 3096128, 0.19523593581181417
92, 3129803, 0.1885159225958187
93, 3163462, 0.1809558530168244
94, 3197104, 0.18641476706275395
95, 3230651, 0.17048632760151283
96, 3264378, 0.17082013487692838
97, 3298085, 0.163729114928366
98, 3331871, 0.16065696195233628
99, 3365497, 0.15818664403227706
100, 3399255, 0.15741771890007486
101, 3432897, 0.15641873430035985
102, 3466534, 0.1556507248704937
103, 3500143, 0.15386444959902165
104, 3533710, 0.15262927974226073
105, 3567121, 0.1510423538228112
106, 3600818, 0.1504572010115151
107, 3634453, 0.14931985287118538
108, 3667994, 0.14833412346547148
109, 3701436, 0.14662169494212235
110, 3734942, 0.1468512558827736
111, 3768602, 0.14525614182352883
112, 3802272, 0.14353897296307216
113, 3835884, 0.14362844244863548
114, 3869398, 0.14199658965944217
115, 3903108, 0.14156709118233002
116, 3936470, 0.13996045341002888
117, 3970199, 0.14038553369540355
118, 4003678, 0.139572968073855
119, 4037315, 0.13809380656167675
120, 4071094, 0.13785207008910086
121, 4104806, 0.13762909768724088
122, 4138497, 0.13694912904091128
123, 4172191, 0.136384715789962
124, 4205851, 0.13510250014056058
125, 4239420, 0.1355828790300748
126, 4272905, 0.13452785806776354
127, 4306672, 0.13493949284572074
128, 4340607, 0.1339124870135152
129, 4374146, 0.1338060741483622
130, 4407687, 0.13309347518077536
131, 4441458, 0.1325713483601546
132, 4475174, 0.1327206066407294
133, 4508931, 0.13169335321304323
134, 4542389, 0.13057742364406896
135, 4576193, 0.13167015486181224
136, 4609980, 0.13145219421754734
137, 4643604, 0.1326038076003612
138, 4677166, 0.13106706959864203
139, 4710757, 0.1311406603690953
140, 4744338, 0.12973483142722395
141, 4777948, 0.13002775442694128
142, 4811691, 0.12952289714311924
143, 4845321, 0.13027747410506912
144, 4878812, 0.12957633155806572
145, 4912313, 0.12935914307186056
146, 4945856, 0.12893256304221717
147, 4979375, 0.12889196463725533
148, 5013030, 0.12912098919757556
149, 5046614, 0.12856857632976101
0, 33775, 1.1813802545604368
1, 67594, 1.1058002946857006
2, 101273, 1.0572445205057526
3, 134947, 1.0248734429049684
4, 168358, 1.004224924478125
5, 201979, 0.9700344124107398
6, 235458, 0.9059057615362331
7, 269092, 0.8329799521812551
8, 302867, 0.7633735340524047
9, 336334, 0.7007187066508885
10, 370084, 0.6461673317987637
11, 403695, 0.5942654543898007
12, 437257, 0.5447069030207059
13, 470925, 0.5092501649590812
14, 504559, 0.4850568135232358
15, 538286, 0.46416287818901253
16, 571843, 0.447130160176805
17, 605510, 0.43053105206467746
18, 639391, 0.4157255325772896
19, 672894, 0.4035382584703943
20, 706512, 0.3908103796241759
21, 740036, 0.378819507129419
22, 773657, 0.36922894058001454
23, 807249, 0.3570407729388817
24, 840941, 0.3469156819770677
25, 874877, 0.33752427197709667
26, 908579, 0.32681994590963953
27, 942098, 0.3175411635070793
28, 975759, 0.30986275249796824
29, 1009735, 0.30178159668108834
30, 1043611, 0.2941252050228915
31, 1077199, 0.2875659206344127
32, 1110940, 0.27932068941892235
33, 1144506, 0.2752186301469361
34, 1178102, 0.2699960400287494
35, 1211847, 0.26300981019323766
36, 1245382, 0.25872302444448664
37, 1278947, 0.2548562850629663
38, 1312459, 0.25238979139933493
39, 1345949, 0.24921509011984935
40, 1379625, 0.24417479019211877
41, 1413219, 0.240098776335705
42, 1446879, 0.23819295169185725
43, 1480478, 0.2363674795717875
44, 1514022, 0.23345099809340727
45, 1547641, 0.23112441058874006
46, 1581251, 0.2286475015511452
47, 1614888, 0.22771765515399403
48, 1648650, 0.22572574541744575
49, 1682109, 0.2231293587455013
50, 1715712, 0.22130604425345116
51, 1749416, 0.22163821905454195
52, 1783019, 0.21931556910669353
53, 1816575, 0.2186709827086618
54, 1850151, 0.21776853003174027
55, 1883956, 0.21613322907563062
56, 1917600, 0.2141134486363593
57, 1951252, 0.2146412334735483
58, 1984998, 0.21234476474897054
59, 2018567, 0.21212924503352065
60, 2052341, 0.21131264040091755
61, 2086068, 0.2108852315893489
62, 2119640, 0.20976198449545813
63, 2153108, 0.20864995417160717
64, 2186687, 0.20849519837981909
65, 2220232, 0.20820351605255594
66, 2253919, 0.20859025879593693
67, 2287346, 0.20659401839936378
68, 2321021, 0.206257271968931
69, 2354548, 0.2059358219808397
70, 2388317, 0.2057203428582096
71, 2421943, 0.2042343669218677
72, 2455578, 0.20461407372692433
73, 2489275, 0.2038695413908328
74, 2522765, 0.2033585305833843
75, 2556492, 0.20263095041484455
76, 2590146, 0.20351849743357087
77, 2623732, 0.2019645954687593
78, 2657327, 0.20213231217938316
79, 2690963, 0.20160581334247274
80, 2724653, 0.20156827113979092
81, 2758422, 0.20033754599006415
82, 2792168, 0.19622269396641515
83, 2825643, 0.18716856152425737
84, 2859332, 0.18002010218141243
85, 2893073, 0.17536406389049752
86, 2926589, 0.17118747335323553
87, 2960287, 0.16875467367695468
88, 2993796, 0.1662101356256709
89, 3027250, 0.1636162101472865
90, 3060756, 0.16176962000440184
91, 3094465, 0.1598801841938175
92, 3128319, 0.15921820124886427
93, 3162012, 0.1571870766606011
94, 3195542, 0.1558659300283435
95, 3229259, 0.1546952623313395
96, 3263052, 0.1529722939224451
97, 3296628, 0.15193350093073876
98, 3330328, 0.1499800085584399
99, 3364089, 0.14902653883585434
100, 3397606, 0.14902832411269692
101, 3431143, 0.14743951772251365
102, 3464968, 0.14683380378085087
103, 3498580, 0.14432033444709527
104, 3532238, 0.1437736709626889
105, 3565818, 0.14218373294579545
106, 3599347, 0.14165958695291217
107, 3633286, 0.14139983165770792
108, 3667156, 0.1405496754075082
109, 3700644, 0.14344153389042935
110, 3734186, 0.13959545383010236
111, 3767603, 0.13805857894494405
112, 3801301, 0.1514991900039839
113, 3835023, 0.13922755893174846
114, 3868622, 0.1385323817093485
115, 3902255, 0.13702911801544587
116, 3935709, 0.1360172423308566
117, 3969157, 0.13558573407059726
118, 4002787, 0.13548302030811052
119, 4036347, 0.1348871244827206
120, 4069946, 0.1338956656373397
121, 4103517, 0.13377084048065987
122, 4137219, 0.13356251079951495
123, 4170943, 0.1331782632553321
124, 4204420, 0.13294011604428974
125, 4237914, 0.1328549854325523
126, 4271665, 0.13244432832502653
127, 4305260, 0.1321536350471182
128, 4338975, 0.13207989027741757
129, 4372618, 0.13119204319803807
130, 4406178, 0.1317593469570476
131, 4439785, 0.13093437775927214
132, 4473414, 0.13065651858185612
133, 4507019, 0.13008835331431542
134, 4540771, 0.1306362528466462
135, 4574355, 0.1305492928431035
136, 4607814, 0.13049508096204557
137, 4641340, 0.13005382408684354
138, 4675008, 0.13093478413419274
139, 4708594, 0.13006526333399054
140, 4742363, 0.12949408426637746
141, 4776023, 0.12964146375447053
142, 4809739, 0.12955900431963704
143, 4843369, 0.12908268247481203
144, 4877084, 0.12896192566722733
145, 4910849, 0.1286599891429044
146, 4944580, 0.1286289099031446
147, 4978294, 0.12811119105353094
148, 5012097, 0.128398501846029
149, 5046003, 0.128315405929666
0, 33513, 1.1030535902737457
1, 67201, 1.0541773844491489
2, 100703, 1.02181779063008
3, 134269, 1.0046754244302052
4, 167926, 0.9850042094503502
5, 201744, 0.9286733813462671
6, 235328, 0.8284995498453768
7, 269083, 0.7380504083616397
8, 302844, 0.6666374537360671
9, 336457, 0.6060396032197559
10, 370134, 0.5528813350725446
11, 403757, 0.5072190612283891
12, 437217, 0.4782060675040833
13, 470890, 0.4558163264828185
14, 504457, 0.4367747236318934
15, 537982, 0.4210322861031811
16, 571458, 0.40646472351214574
17, 605106, 0.39326606351594334
18, 638746, 0.38113475229398913
19, 672348, 0.36818448940876847
20, 705953, 0.3569660394833393
21, 739555, 0.3457129175348312
22, 773249, 0.33669495615665723
23, 806852, 0.3253897526999355
24, 840549, 0.31846221646159495
25, 874319, 0.30971827443703215
26, 907900, 0.30078979961844193
27, 941321, 0.29379375377760775
28, 974908, 0.28661787256019305
29, 1008419, 0.27898579830032255
30, 1042038, 0.27259886271985034
31, 1075846, 0.2654328432071367
32, 1109448, 0.2602022842292945
33, 1142953, 0.2556388829914147
34, 1176596, 0.2500181429182447
35, 1210199, 0.24548939796985655
36, 1243812, 0.24136964883049067
37, 1277630, 0.2369498748861211
38, 1311088, 0.235062307322297
39, 1344898, 0.2316098558068193
40, 1378476, 0.2288292690965972
41, 1411867, 0.2262500612877235
42, 1445510, 0.22427293056334807
43, 1479147, 0.22304219696024244
44, 1512788, 0.22091975497244684
45, 1546344, 0.21901914012063564
46, 1579830, 0.2180066732698433
47, 1613578, 0.2166187883742012
48, 1647289, 0.2149823132525796
49, 1680960, 0.21396981132551707
50, 1714645, 0.21276857669253732
51, 1748451, 0.21265314456575363
52, 1781985, 0.21079698187467544
53, 1815577, 0.2102608709882604
54, 1849335, 0.21011563785294
55, 1882897, 0.20923714075476985
56, 1916623, 0.20830593834580383
57, 1950326, 0.20778824893864886
58, 1984125, 0.20718766634199262
59, 2017675, 0.20701770353682256
60, 2051189, 0.2061782426669444
61, 2084934, 0.20619167090507098
62, 2118828, 0.20509193506396575
63, 2152447, 0.20400705867195326
64, 2185868, 0.20484711893505633
65, 2219552, 0.20472367729359633
66, 2252963, 0.20378257792272259
67, 2286559, 0.20319525034678393
68, 2319967, 0.20313718878807638
69, 2353712, 0.20276438938718
70, 2387270, 0.20326512637949312
71, 2420884, 0.20207032905187314
72, 2454443, 0.2017869044264377
73, 2488118, 0.2015326600998388
74, 2521980, 0.20171663664875322
75, 2555459, 0.20059262172391382
76, 2588972, 0.2005402090178965
77, 2622648, 0.20036737188856535
78, 2656179, 0.19902194669849815
79, 2689921, 0.1999475131840119
80, 2723302, 0.19885253820377646
81, 2756906, 0.198412032499625
82, 2790486, 0.19342826520897216
83, 2824159, 0.18511888701318713
84, 2857750, 0.17736125233972758
85, 2891281, 0.17291206416766977
86, 2924799, 0.16957999518787922
87, 2958528, 0.16593496045916573
88, 2992240, 0.16364650500310307
89, 3025903, 0.16126240384056775
90, 3059681, 0.15944327752718632
91, 3093333, 0.15755399716672913
92, 3126840, 0.1565616330740594
93, 3160269, 0.15499865987928163
94, 3193878, 0.15323913841203776
95, 3227516, 0.15124016733300452
96, 3261333, 0.15006654448496742
97, 3295072, 0.16171261845707507
98, 3328569, 0.15051230382952252
99, 3362124, 0.14846474185579597
100, 3395871, 0.1477138587488794
101, 3429371, 0.14660938853911937
102, 3463044, 0.14563457954933917
103, 3496750, 0.1445023778302276
104, 3530417, 0.14355020773672503
105, 3564057, 0.14235294451519656
106, 3597698, 0.14089310020452359
107, 3631359, 0.14045338504794416
108, 3664975, 0.13929495244384107
109, 3698326, 0.13829506486395482
110, 3732109, 0.1382785530857286
111, 3765603, 0.13724087091429663
112, 3799160, 0.13603790138562108
113, 3832818, 0.13672447959671208
114, 3866547, 0.13536939764473982
115, 3900248, 0.1347997429112361
116, 3934055, 0.1352167841824129
117, 3967559, 0.1338319500157789
118, 4001121, 0.13334774351855266
119, 4034977, 0.14108151185950926
120, 4068558, 0.13275923072920004
121, 4102090, 0.13276994573995793
122, 4135698, 0.13222842657672151
123, 4169381, 0.1318307108272789
124, 4203068, 0.13174717175298864
125, 4237022, 0.13129423241525623
126, 4270860, 0.13087660898146705
127, 4304349, 0.1313050938262735
128, 4337814, 0.13082138085388956
129, 4371720, 0.13005959596294026
130, 4405439, 0.1297367802775946
131, 4438812, 0.13040651499902658
132, 4472479, 0.1297031850752162
133, 4505830, 0.12968912634382654
134, 4539526, 0.12912736447116988
135, 4573253, 0.12905829708229144
136, 4606869, 0.1291398273698997
137, 4640371, 0.12842337944912324
138, 4674017, 0.12853086801676528
139, 4707576, 0.12869673997443198
140, 4741105, 0.12816030835959602
141, 4774662, 0.12853756708894978
142, 4808205, 0.12794753423378225
143, 4842009, 0.12844075002756905
144, 4875572, 0.12812017392865402
145, 4909138, 0.12726136878859307
146, 4942921, 0.1273470572956309
147, 4976561, 0.1271165885833566
148, 5010238, 0.12731337367640402
149, 5043992, 0.12721336825699808
0, 33601, 1.0970328270828626
1, 67363, 1.042781398011489
2, 100820, 1.0193414406049333
3, 134200, 1.006481434072165
4, 167913, 0.992008775116798
5, 201613, 0.9524289809793814
6, 235149, 0.8847764048240733
7, 268632, 0.7886977615716622
8, 302247, 0.7054468800957707
9, 335711, 0.6382710876343415
10, 369172, 0.5852981409589568
11, 402801, 0.5426078473386644
12, 436545, 0.5047871459129155
13, 470282, 0.47299675882097897
14, 503863, 0.4455132629317878
15, 537565, 0.42454116736772274
16, 571103, 0.40753838139715737
17, 604745, 0.3926745402108395
18, 638299, 0.3760587666376027
19, 672027, 0.363465204862158
20, 705905, 0.3515802717157688
21, 739585, 0.3422964828606949
22, 773339, 0.3305267257447792
23, 807015, 0.32040385505995006
24, 840569, 0.31216337522147186
25, 874039, 0.303059187983704
26, 907687, 0.29424827963555644
27, 941154, 0.28732606798688287
28, 974669, 0.2809886343585078
29, 1008042, 0.274440523313457
30, 1041765, 0.26844488033677355
31, 1075648, 0.26280726263989285
32, 1109217, 0.2561657816873202
33, 1142925, 0.2528877123442116
34, 1176674, 0.2480931363111707
35, 1210285, 0.24395573343046842
36, 1243787, 0.241320274116976
37, 1277366, 0.23615606520271204
38, 1311156, 0.23302709982534303
39, 1344796, 0.2307767638140848
40, 1378457, 0.22889722477500102
41, 1412038, 0.22759887267417783
42, 1445659, 0.2252464455389293
43, 1479388, 0.22390926085553642
44, 1512986, 0.22141906900426486
45, 1546642, 0.2201500158572012
46, 1580324, 0.2188772537848173
47, 1613878, 0.21850107024711415
48, 1647576, 0.21555423109234756
49, 1681299, 0.21611719044887345
50, 1714832, 0.21452017258838554
51, 1748443, 0.2125356370613414
52, 1781958, 0.21183785469377336
53, 1815593, 0.2118679399361721
54, 1849227, 0.21058399565848984
55, 1882840, 0.20995976191690993
56, 1916266, 0.20864257100639766
57, 1950017, 0.2088885235857577
58, 1983794, 0.20778100121505316
59, 2017484, 0.20848549015908946
60, 2051217, 0.207327149403842
61, 2084673, 0.2071067215093278
62, 2118179, 0.20572850253393507
63, 2151855, 0.20539444781542585
64, 2185617, 0.20506870046687037
65, 2219080, 0.20381769980769768
66, 2252666, 0.20397325118461182
67, 2286283, 0.20352260852277354
68, 2319888, 0.20328741281016902
69, 2353656, 0.2031783235347569
70, 2387236, 0.20351206909752728
71, 2420847, 0.20197004075926311
72, 2454679, 0.2020451991253863
73, 2488476, 0.20041090257825941
74, 2522052, 0.20145523929043863
75, 2555697, 0.20016341520659742
76, 2589242, 0.20053366759944666
77, 2622875, 0.20071508826093445
78, 2656811, 0.20084886929412743
79, 2690314, 0.20029170234741872
80, 2724088, 0.2000929001139481
81, 2757598, 0.19984179320971174
82, 2791110, 0.19937504979530388
83, 2824758, 0.19875612229460377
84, 2858300, 0.1980472969117183
85, 2891979, 0.19291215979970208
86, 2925673, 0.18489052523099117
87, 2959109, 0.1773784855030755
88, 2992714, 0.1734311719682126
89, 3026189, 0.16817550689408312
90, 3059746, 0.165989543585075
91, 3093380, 0.16359746258937236
92, 3126765, 0.16082317227489573
93, 3160419, 0.15846667445892612
94, 3194074, 0.15612368419454226
95, 3227810, 0.15498408535122296
96, 3261515, 0.1524657447322626
97, 3294970, 0.15229546795915178
98, 3328538, 0.15076438517100488
99, 3362240, 0.14925286681960379
100, 3395856, 0.14708226871208369
101, 3429574, 0.14653407173383642
102, 3463163, 0.1455146793089482
103, 3496747, 0.14373327336109867
104, 3530254, 0.1418025445948849
105, 3564025, 0.14282671689320223
106, 3597809, 0.140472603807249
107, 3631452, 0.13978494310516013
108, 3665133, 0.13884326227424992
109, 3698846, 0.13790700375878875
110, 3732367, 0.13765950288501638
111, 3765842, 0.13762985601354422
112, 3799526, 0.13766494337754662
113, 3833031, 0.13575044926911367
114, 3866643, 0.1356123057183656
115, 3900183, 0.13501754442355465
116, 3933816, 0.13537656390568728
117, 3967498, 0.13415404168809308
118, 4001145, 0.13391662400583448
119, 4034635, 0.1339425193416812
120, 4068463, 0.13284731226228375
121, 4102273, 0.13273536062624242
122, 4135978, 0.13283568218485667
123, 4169514, 0.13212642881795453
124, 4202970, 0.13218292599899348
125, 4236802, 0.13204188464171238
126, 4270464, 0.1315839135431042
127, 4304246, 0.1307781826002602
128, 4337964, 0.13117913499399247
129, 4371646, 0.1312074663767571
130, 4405380, 0.13100612618841195
131, 4438908, 0.1303033042036161
132, 4472691, 0.13059575074938176
133, 4506522, 0.12979911982396963
134, 4540179, 0.13024427508893385
135, 4573918, 0.12960515095131853
136, 4607855, 0.12951671453640753
137, 4641435, 0.1290547321361515
138, 4674904, 0.12930613060190624
139, 4708654, 0.12896992753104028
140, 4742469, 0.12897969248700905
141, 4776164, 0.1288569150957306
142, 4809837, 0.12873164524160496
143, 4843575, 0.12864499818937986
144, 4877350, 0.1281097774260895
145, 4911042, 0.12806750799663313
146, 4944591, 0.12784693150664553
147, 4978135, 0.1276906531662886
148, 5011691, 0.12805859217456064
149, 5045363, 0.12794435553281555
0, 33917, 1.1189242162078095
1, 67569, 1.0510662974944307
2, 101261, 1.0238764272250758
3, 135098, 0.998924745149378
4, 168676, 0.9720480808444504
5, 202283, 0.9131000131924422
6, 235903, 0.8359476414658185
7, 269474, 0.7700227309318056
8, 303005, 0.7101053857980846
9, 336568, 0.6572414143660789
10, 370226, 0.6128501102799153
11, 403768, 0.5758020565342631
12, 437266, 0.5435690663358143
13, 470833, 0.5156765623779306
14, 504580, 0.4888828549172484
15, 538135, 0.46270700892409383
16, 571761, 0.44152024492456976
17, 605248, 0.4209152226836997
18, 638916, 0.40235733678502145
19, 672364, 0.3870685386336892
20, 705961, 0.3738009101539417
21, 739544, 0.36138677647179007
22, 773191, 0.34871965184638093
23, 806688, 0.3388970279121935
24, 840421, 0.3279164359168529
25, 873984, 0.31940476044344207
26, 907673, 0.31116186980222527
27, 941179, 0.3017306949499599
28, 974782, 0.2945769955465139
29, 1008357, 0.2871175414248098
30, 1042025, 0.2805277305112728
31, 1075666, 0.27370015803985814
32, 1109313, 0.26616252541117036
33, 1142923, 0.26252133683794504
34, 1176423, 0.25653646517640655
35, 1210077, 0.2502551817706243
36, 1243864, 0.2461046736847881
37, 1277545, 0.24302004752928555
38, 1311194, 0.23749640489827292
39, 1344742, 0.23503707044015837
40, 1378361, 0.2320196350953753
41, 1412045, 0.22883039098918997
42, 1445958, 0.2264195413320456
43, 1479591, 0.2253441785629389
44, 1512999, 0.22265462921231396
45, 1546729, 0.2217708813616911
46, 1580396, 0.21835212512041455
47, 1614003, 0.2182895133766537
48, 1647721, 0.21694627619081736
49, 1681438, 0.21470997510771225
50, 1714964, 0.21329106930506989
51, 1748727, 0.21271768736471808
52, 1782322, 0.2122378802948036
53, 1816132, 0.2117319481546553
54, 1849666, 0.21077615895840432
55, 1883487, 0.20937950979653552
56, 1917093, 0.2082355058219978
57, 1950620, 0.20729196989747437
58, 1984035, 0.2064817125488302
59, 2017689, 0.20720183285903365
60, 2051554, 0.20516416022957323
61, 2085097, 0.2060589166269443
62, 2118937, 0.20533348209111496
63, 2152509, 0.20434927799020947
64, 2186264, 0.20397481533841183
65, 2220002, 0.20407390458485344
66, 2253682, 0.20371393788029768
67, 2287456, 0.2030169068139807
68, 2321183, 0.20283977938176398
69, 2354778, 0.20328397417344204
70, 2388626, 0.2028688055255818
71, 2422268, 0.20229944693888344
72, 2455909, 0.20319293698700377
73, 2489692, 0.20102511725842487
74, 2523100, 0.20145194949575854
75, 2556669, 0.20086415313971437
76, 2590423, 0.20041767408812097
77, 2624088, 0.2006010437322003
78, 2657841, 0.19983303611371414
79, 2691581, 0.20027704724427628
80, 2725328, 0.19922553820590994
81, 2758909, 0.1997670870246522
82, 2792280, 0.19900379181850728
83, 2825877, 0.19941461066510419
84, 2859610, 0.19887137207725789
85, 2893357, 0.1993488897701423
86, 2926915, 0.19868053181517814
87, 2960549, 0.19863422141371598
88, 2993979, 0.19729680750462827
89, 3027534, 0.19776190032147858
90, 3061237, 0.1982701825638171
91, 3094784, 0.19757633013830123
92, 3128415, 0.1973659365175444
93, 3161961, 0.19457800891156377
94, 3195577, 0.1875243056833945
95, 3229138, 0.17994288820858811
96, 3262643, 0.17293355210194677
97, 3296014, 0.1685749080340437
98, 3329544, 0.16420862767047842
99, 3363242, 0.1615516879514135
100, 3396912, 0.15900016259402042
101, 3430702, 0.15843347927317034
102, 3464521, 0.15589690558652444
103, 3497948, 0.1543610935323613
104, 3531673, 0.15272125035782813
105, 3565349, 0.15203327241693212
106, 3598975, 0.1504537227086786
107, 3632732, 0.15023403315808467
108, 3666396, 0.14872567814454601
109, 3699962, 0.14665057769452372
110, 3733742, 0.14523708181773848
111, 3767225, 0.14483617042422817
112, 3800805, 0.14347133440150447
113, 3834302, 0.14187626025519653
114, 3867729, 0.14055866827340685
115, 3901096, 0.14058211769188397
116, 3934687, 0.13982369779130413
117, 3968394, 0.1392236309018005
118, 4002042, 0.1373968495964326
119, 4035602, 0.13751531214866022
120, 4069277, 0.13681821571072936
121, 4102843, 0.1349952087709961
122, 4136455, 0.1350129618959906
123, 4170175, 0.13476410414390405
124, 4203788, 0.1335250323854249
125, 4237368, 0.13443881889797896
126, 4271024, 0.13321432052329493
127, 4304720, 0.132909521764317
128, 4338321, 0.13262487426285957
129, 4371820, 0.1324307247468828
130, 4405413, 0.1319230782864843
131, 4438949, 0.1321041086535364
132, 4472729, 0.131842720045665
133, 4506555, 0.13092452786683745
134, 4540323, 0.1314830669549272
135, 4573936, 0.13070535603373626
136, 4607765, 0.13039577906539299
137, 4641621, 0.1303021834634884
138, 4675404, 0.15577727109456735
139, 4708873, 0.13306530105913839
140, 4742652, 0.13103819264060354
141, 4776236, 0.13020163561819606
142, 4809886, 0.13021446403142697
143, 4843374, 0.1296446662273117
144, 4876957, 0.12926886056302103
145, 4910697, 0.12963537711069692
146, 4944182, 0.12879998858385477
147, 4977792, 0.1292497682898784
148, 5011451, 0.12892894584777245
149, 5045109, 0.12903847450716335
0, 33417, 1.0690465091952543
1, 67248, 1.0343656608004375
2, 100970, 1.0147679864308348
3, 134785, 1.0081883413213324
4, 168457, 1.0004702660310438
5, 202320, 0.9881537218342887
6, 235937, 0.914368047893376
7, 269509, 0.7905701651818071
8, 303142, 0.6916885832319809
9, 336642, 0.6251994516265966
10, 370257, 0.5766651003133286
11, 403899, 0.5357694635313405
12, 437463, 0.5008776082230338
13, 470969, 0.4733972044962474
14, 504605, 0.4511753236479531
15, 538254, 0.43419106494992243
16, 571950, 0.41863598255918694
17, 605479, 0.4025396079290402
18, 639182, 0.38981956762215364
19, 672808, 0.3763059553124997
20, 706293, 0.3652629547584164
21, 739898, 0.35494437997833567
22, 773380, 0.344598815032557
23, 807175, 0.33497263962285945
24, 840741, 0.32413979917723285
25, 874596, 0.3167307926917948
26, 908206, 0.30851984446175307
27, 942029, 0.3004437808037877
28, 975825, 0.29240976517289846
29, 1009605, 0.28559834435023407
30, 1043170, 0.2792505920768256
31, 1076759, 0.2718234577677054
32, 1110431, 0.26434878600639194
33, 1143918, 0.25890288266567496
34, 1177648, 0.25423056790225174
35, 1211218, 0.24934706387527206
36, 1245044, 0.24553636200969597
37, 1278660, 0.24233440364814857
38, 1312598, 0.237570059988897
39, 1346024, 0.23427493626755405
40, 1379527, 0.23194669686718955
41, 1413376, 0.2293040292430636
42, 1446988, 0.22658179552121221
43, 1480679, 0.2251539839011471
44, 1514134, 0.2232022634224308
45, 1547665, 0.22118089166899405
46, 1581353, 0.21942189271781837
47, 1614931, 0.21794684077977927
48, 1648780, 0.21637132517641766
49, 1682538, 0.21574718864642298
50, 1716298, 0.2139202250091172
51, 1749922, 0.2130709644859343
52, 1783450, 0.21170514233018234
53, 1816992, 0.21070840072054964
54, 1850691, 0.2101740969189417
55, 1884360, 0.20910833865270959
56, 1918057, 0.2085819491586083
57, 1951575, 0.2079408003432319
58, 1985311, 0.20678223780565375
59, 2018684, 0.20652042420836572
60, 2052346, 0.20583694102210545
61, 2085808, 0.20574201630992603
62, 2119394, 0.20368345465477078
63, 2153067, 0.20355307853241372
64, 2186810, 0.20327458788397387
65, 2220419, 0.2029395890098997
66, 2253849, 0.2032824802100861
67, 2287399, 0.2019062708223717
68, 2321178, 0.20180189861842693
69, 2354795, 0.20160057758795646
70, 2388456, 0.2007658458051903
71, 2421791, 0.200750727240439
72, 2455441, 0.19998688224693473
73, 2488953, 0.1981159876861849
74, 2522509, 0.19523753531020324
75, 2556347, 0.1878340585278516
76, 2590045, 0.17980667352653804
77, 2623495, 0.17398178333852174
78, 2657453, 0.16906787369844226
79, 2691249, 0.1664439577465231
80, 2724749, 0.1646142863280847
81, 2758444, 0.1617777381545688
82, 2791868, 0.15947547102995888
83, 2825515, 0.15901059905301113
84, 2859157, 0.1570285030668204
85, 2892782, 0.15605111472848024
86, 2926486, 0.15475603452733758
87, 2960217, 0.15304247516142225
88, 2993729, 0.15278633927918472
89, 3027483, 0.1517123852558872
90, 3061004, 0.15100560707925664
91, 3094612, 0.14908774993432117
92, 3128243, 0.1491982738906393
93, 3161805, 0.14698590640741244
94, 3195309, 0.14581972789596664
95, 3228834, 0.14488031316417269
96, 3262426, 0.1432264814075498
97, 3296040, 0.14146426270107915
98, 3329643, 0.14151520372684664
99, 3363260, 0.14032224316560815
100, 3396826, 0.13962412141337713
101, 3430323, 0.1390452981196753
102, 3464070, 0.13798062453689428
103, 3497641, 0.13698449142203595
104, 3531336, 0.13676027851774816
105, 3565123, 0.13586795374545052
106, 3598735, 0.1361763150513588
107, 3632387, 0.13467845061248132
108, 3666093, 0.1341723111922479
109, 3699763, 0.1339114656927705
110, 3733639, 0.13383781462268643
111, 3767464, 0.13331691556330913
112, 3801016, 0.13336433796999103
113, 3834615, 0.13250055905226668
114, 3868037, 0.13258123891430706
115, 3901673, 0.13184839469706602
116, 3935385, 0.13189980319128772
117, 3969053, 0.13161066425690895
118, 4002870, 0.1313771753757643
119, 4036589, 0.13023536044942052
120, 4070204, 0.13023909511202938
121, 4103944, 0.13035128095194068
122, 4137561, 0.12970375474097923
123, 4171153, 0.1295740909965154
124, 4204692, 0.1297234099108407
125, 4238421, 0.1296628433391753
126, 4272225, 0.1293308407220212
127, 4305561, 0.12903985592161318
128, 4339096, 0.12962014368523953
129, 4372627, 0.1288548046456525
130, 4406219, 0.1281355737184239
131, 4439829, 0.12820747680272157
132, 4473708, 0.12838851859893652
133, 4507129, 0.12816252166476638
134, 4540794, 0.12807150408644585
135, 4574601, 0.12785456233587617
136, 4608155, 0.12748749712657595
137, 4641614, 0.12782313064823786
138, 4675248, 0.12761378771116022
139, 4708801, 0.12742948742442892
140, 4742544, 0.12753644028077676
141, 4775953, 0.1269715863790173
142, 4809715, 0.12677443903630015
143, 4843319, 0.12711006745412842
144, 4876964, 0.12671108319668092
145, 4910568, 0.12675675336063938
146, 4943990, 0.1269431762156157
147, 4977677, 0.12730399835361098
148, 5011336, 0.12664400311060428
149, 5045071, 0.12598896012825225
0, 33508, 1.1291279544655326
1, 67215, 1.0463974557386
2, 100696, 1.0207353527584833
3, 134218, 1.0075798758560293
4, 167686, 0.9976675005005541
5, 201276, 0.9644623703859134
6, 234914, 0.8919927614214817
7, 268750, 0.7970247830272462
8, 302423, 0.7109896433625542
9, 336062, 0.6421108633409741
10, 369572, 0.5878467274167212
11, 403146, 0.5329379999428748
12, 436796, 0.4879206889952754
13, 470472, 0.4590644545244943
14, 504117, 0.43699512835246057
15, 537706, 0.41911918157433914
16, 571094, 0.40441711706449884
17, 604803, 0.3917979682825043
18, 638408, 0.37863398253317715
19, 672008, 0.3669885671007065
20, 705510, 0.35735963817180355
21, 739125, 0.3474079069970201
22, 772828, 0.3371061108654487
23, 806441, 0.32810207255326695
24, 840122, 0.3185800338144616
25, 873685, 0.31112035558447043
26, 907483, 0.3044554118474972
27, 941204, 0.297276860522995
28, 974759, 0.2900332046076068
29, 1008364, 0.2832793288656909
30, 1042260, 0.27759566418760845
31, 1075623, 0.27173127259563046
32, 1109156, 0.2669697308223917
33, 1142815, 0.2617476392340515
34, 1176422, 0.2564070598876346
35, 1210081, 0.2527297679999142
36, 1243574, 0.2501861636835188
37, 1277551, 0.24526674793187106
38, 1311167, 0.2415084893342116
39, 1344760, 0.23827156988836945
40, 1378462, 0.2356087483630526
41, 1412145, 0.23259911660116286
42, 1445752, 0.23007693790772663
43, 1479538, 0.2273992569197592
44, 1512904, 0.22522476979750625
45, 1546510, 0.22359314735432725
46, 1580074, 0.22126223087659594
47, 1613747, 0.22079825164950811
48, 1647371, 0.2187474283992088
49, 1680916, 0.21770724959705098
50, 1714563, 0.21864528022473653
51, 1748236, 0.21705123940211213
52, 1781871, 0.21401922529956827
53, 1815456, 0.21274276157950425
54, 1849118, 0.21236424712176852
55, 1882572, 0.21100124062872858
56, 1916337, 0.2104598734240742
57, 1950049, 0.20969306311151034
58, 1983837, 0.20832162170570656
59, 2017201, 0.20919351361165212
60, 2051000, 0.20685237923178712
61, 2084637, 0.20664883928630212
62, 2118426, 0.20679141904558335
63, 2151953, 0.2060187190035358
64, 2185652, 0.20493752245231495
65, 2219390, 0.20417975352458412
66, 2253132, 0.20446146212372543
67, 2286882, 0.20362470600779292
68, 2320519, 0.2036738868996308
69, 2354150, 0.20302959175600596
70, 2387708, 0.2025972494249575
71, 2421398, 0.20161146041746825
72, 2455044, 0.2007718107269732
73, 2488696, 0.200252501981332
74, 2522170, 0.201549962244223
75, 2555837, 0.20050985876102745
76, 2589377, 0.19976409498337305
77, 2623182, 0.19911774944590674
78, 2656878, 0.1946954247962517
79, 2690445, 0.18874556964982814
80, 2723913, 0.18104893824614016
81, 2757559, 0.17545179852284537
82, 2791108, 0.17215071958928604
83, 2824803, 0.1685132360512095
84, 2858407, 0.16565125235837436
85, 2892028, 0.1637869142306034
86, 2925725, 0.16233131523386246
87, 2959330, 0.16037561148901358
88, 2992817, 0.15893647520444812
89, 3026297, 0.15829776900607306
90, 3059950, 0.15617896141694787
91, 3093702, 0.1554955952767148
92, 3127402, 0.1544811199479214
93, 3161236, 0.15348259038617926
94, 3194719, 0.15292860810992626
95, 3228295, 0.1531172681068195
96, 3261879, 0.15066261666301667
97, 3295589, 0.15002530845016498
98, 3329389, 0.150300408660671
99, 3363044, 0.14847451899377936
100, 3396697, 0.1471220713397662
101, 3430492, 0.14673061169564766
102, 3464251, 0.1453665958874154
103, 3497852, 0.14408232434401524
104, 3531317, 0.14386674942183814
105, 3564811, 0.14383239296958505
106, 3598589, 0.14231300736524904
107, 3632146, 0.1418866498000952
108, 3665777, 0.13986524528333413
109, 3699350, 0.13834060262833375
110, 3732872, 0.13891552965774923
111, 3766548, 0.13775726966790952
112, 3800089, 0.13633862451732306
113, 3833730, 0.13496247131033234
114, 3867226, 0.13493613738620006
115, 3900907, 0.13430458964092415
116, 3934673, 0.13434764842803457
117, 3968374, 0.13314881559209243
118, 4002055, 0.13360993906877827
119, 4035751, 0.13301867291530747
120, 4069488, 0.1320825837356752
121, 4103066, 0.13203519902420532
122, 4136640, 0.13155142645833942
123, 4170431, 0.1313773393778733
124, 4203966, 0.13103635215407283
125, 4237502, 0.131866715151766
126, 4271120, 0.1309413572419995
127, 4304555, 0.1307873124740591
128, 4338281, 0.13041182424514883
129, 4371858, 0.13033367546145264
130, 4405428, 0.12985399685236612
131, 4439168, 0.12970023464693745
132, 4473066, 0.12946721537862044
133, 4506610, 0.12923498804820127
134, 4540344, 0.12907936925807584
135, 4573921, 0.12889951931629046
136, 4607611, 0.12915051198897531
137, 4641291, 0.12842918368831865
138, 4674987, 0.12850251502730853
139, 4708627, 0.12815906956473566
140, 4742408, 0.12811840909257496
141, 4775918, 0.1281714626428359
142, 4809561, 0.12793809870396777
143, 4843221, 0.12783750737826868
144, 4876654, 0.12745944627332678
145, 4910424, 0.12793471134961293
146, 4943897, 0.127194538481732
147, 4977563, 0.12784857573608935
148, 5011429, 0.12774963902524833
149, 5044971, 0.12725275319647517
0, 33630, 1.0992178866903528
1, 67222, 1.0471001333445065
2, 100884, 1.0213892946964502
3, 134476, 1.0110119029455107
4, 168032, 1.003055170147844
5, 201721, 0.9835834275483661
6, 235434, 0.9446201168624663
7, 269017, 0.8637294064694709
8, 302719, 0.7701135658382287
9, 336584, 0.6996210895125285
10, 370335, 0.6416972600647958
11, 404054, 0.5920152726537674
12, 437784, 0.5447739850247674
13, 471457, 0.5019975083341707
14, 505090, 0.4624170540953299
15, 538741, 0.4347228073566478
16, 572293, 0.4144542785258735
17, 605851, 0.39736952935941444
18, 639565, 0.38255628400968555
19, 673198, 0.3702482815293313
20, 706839, 0.35785788040330635
21, 740502, 0.34627132945913075
22, 774245, 0.3367943210379789
23, 808037, 0.3276384610788966
24, 841739, 0.31899639929898616
25, 875175, 0.3103031628960742
26, 908933, 0.30319274260779355
27, 942604, 0.2946676187671136
28, 976299, 0.2866337756903356
29, 1009911, 0.2803932776877062
30, 1043592, 0.2746152924564402
31, 1077416, 0.2674731220641516
32, 1111073, 0.2603577586014066
33, 1144546, 0.25757644899063187
34, 1178230, 0.25173895244012007
35, 1211848, 0.2471803673912644
36, 1245500, 0.24372370360910595
37, 1279415, 0.24097643660946022
38, 1312944, 0.23717626343941772
39, 1346493, 0.23396425662523432
40, 1380254, 0.23449626359855957
41, 1413945, 0.22867777504729953
42, 1447733, 0.2278520278720222
43, 1481392, 0.22536319002351357
44, 1515062, 0.22380420080041014
45, 1548708, 0.22213861883763591
46, 1582245, 0.22015908343677146
47, 1615944, 0.21883967500162868
48, 1649612, 0.21795293750606665
49, 1683341, 0.21528467950382696
50, 1716904, 0.21448514261159093
51, 1750308, 0.2135477991434414
52, 1784017, 0.21194891123302947
53, 1817631, 0.21177869756439802
54, 1851383, 0.2110110261960661
55, 1885241, 0.20883450745718588
56, 1918833, 0.20846089157586173
57, 1952495, 0.20870689926504496
58, 1986105, 0.20701316855813337
59, 2019735, 0.2069172290420192
60, 2053394, 0.2064602444969561
61, 2087000, 0.20595803715351566
62, 2120737, 0.20486846181567633
63, 2154672, 0.2043439785647983
64, 2188315, 0.20444783084171556
65, 2221949, 0.2035004061568804
66, 2255748, 0.2041507831954236
67, 2289282, 0.20468537035110554
68, 2323149, 0.20302746161637128
69, 2356694, 0.20253496570598023
70, 2390283, 0.2019775272306777
71, 2424031, 0.20149729423435114
72, 2457751, 0.20169890577563485
73, 2491482, 0.20095505349342643
74, 2525134, 0.2006560055759781
75, 2558598, 0.2005440211513481
76, 2592305, 0.20038541142233085
77, 2625843, 0.20021701341703174
78, 2659666, 0.19934040165589542
79, 2693157, 0.19943546235395862
80, 2726682, 0.1991689892553829
81, 2760280, 0.19967647626604762
82, 2793997, 0.19884563960686516
83, 2827815, 0.19879552178485613
84, 2861460, 0.19929675330445748
85, 2895257, 0.1989262960384417
86, 2928769, 0.19824437792501357
87, 2962529, 0.198002484848173
88, 2995870, 0.19770552671407102
89, 3029390, 0.19730393300337873
90, 3062801, 0.19731212786861815
91, 3096499, 0.19639441772399144
92, 3129873, 0.1905731118827352
93, 3163536, 0.17868997586944413
94, 3196926, 0.1701478194456178
95, 3230482, 0.16565899287363617
96, 3264153, 0.15968132455843967
97, 3298017, 0.15588420145110687
98, 3331786, 0.1536963776934056
99, 3365378, 0.1508876797983112
100, 3398945, 0.1486655193832881
101, 3432516, 0.14663226287662992
102, 3466024, 0.14562367895115436
103, 3499862, 0.145363228878932
104, 3533496, 0.14296556171476438
105, 3567433, 0.14111536442502798
106, 3601106, 0.1391158299439141
107, 3634679, 0.1383471718586237
108, 3668381, 0.1365700999453446
109, 3702071, 0.13670539284478608
110, 3735704, 0.13803474720968148
111, 3769422, 0.13561717126079112
112, 3802897, 0.13419903604971187
113, 3836330, 0.13429788332571752
114, 3869963, 0.1332983003667727
115, 3903720, 0.1331015668417445
116, 3937296, 0.1327350393481596
117, 3970844, 0.13160564701915933
118, 4004542, 0.13201753047374643
119, 4038234, 0.13121358739512165
120, 4071820, 0.13106621378442515
121, 4105461, 0.13020605137425387
122, 4139069, 0.13074695576110773
123, 4172779, 0.1300889154627309
124, 4206519, 0.12982451242036447
125, 4240020, 0.12955846920516512
126, 4273649, 0.12938850836544769
127, 4307123, 0.12887729195002326
128, 4340687, 0.12954906832829427
129, 4374387, 0.12833190464439775
130, 4407992, 0.1286804961350851
131, 4441628, 0.12846695221861132
132, 4475177, 0.1282034534125258
133, 4508767, 0.12815466599449132
134, 4542545, 0.12771377564145692
135, 4576167, 0.12787341367207666
136, 4609711, 0.12791544567946814
137, 4643490, 0.12722123792307347
138, 4677203, 0.12773966283371466
139, 4710831, 0.12712469230972134
140, 4744724, 0.1266440214438059
141, 4778585, 0.127268432851442
142, 4812351, 0.12669574903384162
143, 4845985, 0.12715044251513405
144, 4879571, 0.1265345345755911
145, 4913247, 0.1266576047694923
146, 4946724, 0.1266006987853459
147, 4980512, 0.12638155425702
148, 5014004, 0.12645796227785058
149, 5047771, 0.12630101807898853
0, 33538, 1.0815840172891547
1, 67159, 1.0426783985599726
2, 100952, 1.019263786411208
3, 134643, 1.0106629280318542
4, 168126, 1.0028980027118874
5, 201949, 0.9866585644229853
6, 235556, 0.9282640165365935
7, 269295, 0.8467486246690555
8, 303011, 0.7550768626709803
9, 336795, 0.6779289247730464
10, 370602, 0.6151964648164467
11, 404082, 0.5612262648525371
12, 437829, 0.5209225977298974
13, 471611, 0.488486807927582
14, 505228, 0.46112962402190827
15, 539144, 0.43851576123928726
16, 572812, 0.42039762755790905
17, 606564, 0.4051809487683593
18, 640015, 0.38958790385331415
19, 673475, 0.3781585840611165
20, 707001, 0.36847512010405314
21, 740653, 0.3565020346602577
22, 774322, 0.34769824810696554
23, 807793, 0.33805864659622187
24, 841300, 0.3292350377293446
25, 875090, 0.32249186844442385
26, 908835, 0.31467092755171444
27, 942463, 0.30685587983610363
28, 976099, 0.30018734222127946
29, 1009821, 0.2933316145810449
30, 1043688, 0.28814473167105253
31, 1077320, 0.28171811415591536
32, 1110997, 0.2771238167970011
33, 1144514, 0.27085119756650355
34, 1178248, 0.2664875983675321
35, 1212016, 0.26187871836087157
36, 1245697, 0.25778444381815757
37, 1279330, 0.252647665365194
38, 1313128, 0.24871082829474234
39, 1346643, 0.24569729136037363
40, 1380183, 0.24252278716933515
41, 1413902, 0.2385787387565121
42, 1447445, 0.23580929048089516
43, 1481082, 0.2337639182028334
44, 1514699, 0.23072726947474298
45, 1548311, 0.22860762038002203
46, 1581937, 0.22502243873811023
47, 1615656, 0.22394548997959116
48, 1649037, 0.22288547380309703
49, 1682703, 0.22119113824851744
50, 1716345, 0.2203005991673608
51, 1750121, 0.21858715046600488
52, 1783844, 0.21697700031866404
53, 1817643, 0.21525127012270326
54, 1851268, 0.2141207153906539
55, 1884949, 0.21311960566736154
56, 1918693, 0.21295118421292777
57, 1952302, 0.21190315187965839
58, 1985722, 0.21066779464942775
59, 2019152, 0.21062308060518156
60, 2052733, 0.20945146469739612
61, 2086453, 0.2088240802374873
62, 2120279, 0.20780015679833314
63, 2153870, 0.206874445706051
64, 2187425, 0.20742829991303544
65, 2220846, 0.20592168524758425
66, 2254516, 0.20536838692182735
67, 2288141, 0.20621335552887443
68, 2322013, 0.2040337436348529
69, 2355683, 0.2038919837487833
70, 2389359, 0.2040855637018455
71, 2423100, 0.20344914792224283
72, 2456652, 0.2032998959993382
73, 2490495, 0.2019408300655082
74, 2524241, 0.20259032273917377
75, 2557790, 0.20166371944734196
76, 2591312, 0.20182436645494334
77, 2625226, 0.20196644662176624
78, 2658897, 0.20074409510906358
79, 2692528, 0.2002004719601369
80, 2726038, 0.1999341455254975
81, 2759635, 0.19994881029449119
82, 2793329, 0.20050756205756926
83, 2826944, 0.1991113823113001
84, 2860395, 0.19919386082046248
85, 2894142, 0.1996020299515067
86, 2927875, 0.1987674327098967
87, 2961441, 0.198474953790029
88, 2995030, 0.19851156983482554
89, 3028974, 0.19892543418383535
90, 3062554, 0.19765279033672306
91, 3095989, 0.19471151602983877
92, 3129671, 0.18541986977166605
93, 3163139, 0.1774071521816196
94, 3196779, 0.17066226757020794
95, 3230289, 0.1975803112831412
96, 3263727, 0.17002616478580476
97, 3297413, 0.16481501765910928
98, 3331118, 0.16194689321452066
99, 3364761, 0.15896229590097322
100, 3398239, 0.1583305303766783
101, 3431846, 0.15665919486897373
102, 3465387, 0.15489298927738598
103, 3498953, 0.15339208901251147
104, 3532847, 0.15301783744078323
105, 3566625, 0.15162198483137368
106, 3600498, 0.15061209696227756
107, 3634027, 0.14967752271678225
108, 3667437, 0.14926884739580148
109, 3701126, 0.14768926795203507
110, 3734674, 0.1470406924048933
111, 3768299, 0.14693684960584638
112, 3802118, 0.14541696128331633
113, 3835699, 0.19394301880813095
114, 3869246, 0.1594371216953666
115, 3902861, 0.14845116675514478
116, 3936406, 0.14570849418964832
117, 3969908, 0.14366483646514763
118, 4003418, 0.14242018427316314
119, 4037054, 0.1416252306530983
120, 4070564, 0.14104671919327574
121, 4103976, 0.14035947468063828
122, 4137668, 0.1395816601314039
123, 4171345, 0.1384081352191653
124, 4204755, 0.1381540477569435
125, 4238300, 0.13731544020632436
126, 4272077, 0.13706618102139134
127, 4305791, 0.13569984158101708
128, 4339328, 0.1362118179440311
129, 4372990, 0.1348675684555343
130, 4406643, 0.13411487920116796
131, 4440421, 0.1337335282214529
132, 4474243, 0.13345673872870523
133, 4507940, 0.13326597043048458
134, 4541685, 0.1324922980244336
135, 4575537, 0.13225916605211988
136, 4608917, 0.13223529148987068
137, 4642468, 0.13164705553004652
138, 4676089, 0.13086789813461877
139, 4709621, 0.13047700027296308
140, 4742980, 0.130953596243818
141, 4776725, 0.13041087860618186
142, 4810484, 0.1300324956726269
143, 4844200, 0.1299540744075761
144, 4877855, 0.12932649979457983
145, 4911526, 0.12948879480783057
146, 4945161, 0.1293932898423635
147, 4978615, 0.12910524439980126
148, 5012276, 0.1292462423311816
149, 5045805, 0.1293712868934156
0, 33636, 1.050330905170109
1, 67252, 1.022094392302599
2, 100815, 1.008416451814625
3, 134447, 1.003069083216769
4, 168215, 0.9930629325876681
5, 201838, 0.9446188440087036
6, 235423, 0.8470762119480667
7, 269126, 0.7517527327671669
8, 302735, 0.6740802091696388
9, 336478, 0.6114575235252417
10, 369995, 0.5618335588885003
11, 403543, 0.5236749138106702
12, 437077, 0.4923211213861359
13, 470639, 0.4680500800220994
14, 504415, 0.4447434334960222
15, 538095, 0.4273368734282356
16, 571710, 0.410933261412688
17, 605411, 0.3964431922326165
18, 639082, 0.38407993363122594
19, 672611, 0.37090209113182226
20, 706099, 0.36189526485516144
21, 739762, 0.3502215254492278
22, 773358, 0.3410546054917036
23, 806945, 0.3304909369596724
24, 840546, 0.32184511092769036
25, 874523, 0.3130632703206482
26, 908268, 0.30482427234862236
27, 941840, 0.29778411067415583
28, 975424, 0.2900805221520248
29, 1009062, 0.28296596392955226
30, 1042688, 0.27517905871070647
31, 1076466, 0.2692096741790385
32, 1109966, 0.26331655647353375
33, 1143351, 0.2584265717872646
34, 1176804, 0.25122287270407323
35, 1210387, 0.24776208693707363
36, 1243926, 0.2432072183861889
37, 1277768, 0.24001848242393392
38, 1311489, 0.2356619268062623
39, 1345298, 0.23231232805838972
40, 1378927, 0.22850741226965685
41, 1412507, 0.2269604616978532
42, 1446174, 0.22371119281199295
43, 1479776, 0.22286319941250893
44, 1513563, 0.22103205152988695
45, 1547060, 0.21736150646165575
46, 1580876, 0.21668139986203888
47, 1614624, 0.21512479572516205
48, 1648170, 0.21418136123552559
49, 1681744, 0.2121111308869292
50, 1715415, 0.21124920435202035
51, 1749179, 0.21007499905750288
52, 1782663, 0.2089450953058503
53, 1816433, 0.2085412382563905
54, 1850041, 0.20770622427260554
55, 1883883, 0.20712829681555614
56, 1917459, 0.20563419343394077
57, 1951058, 0.205758187266693
58, 1984539, 0.2038954879569984
59, 2018176, 0.20473418991019576
60, 2051866, 0.20279358789915344
61, 2085581, 0.20378318394837186
62, 2119321, 0.20270134975347048
63, 2153269, 0.20226019023490716
64, 2187015, 0.20217383818850268
65, 2220725, 0.20193252251953694
66, 2254689, 0.2016507642820957
67, 2288276, 0.20038917115552052
68, 2321928, 0.2004967339358235
69, 2355483, 0.1997884222029163
70, 2389200, 0.19995545145111646
71, 2422946, 0.19815736335641432
72, 2456640, 0.19495140596060642
73, 2490549, 0.1896737189214766
74, 2524298, 0.18055953981918046
75, 2557808, 0.17371131672429732
76, 2591516, 0.17020338782352878
77, 2625249, 0.16757272381544866
78, 2658977, 0.16260822206832876
79, 2692503, 0.1626293646072429
80, 2726330, 0.16015885142849437
81, 2760202, 0.1587003518734936
82, 2793974, 0.15648308305716463
83, 2827599, 0.15648587164078617
84, 2861158, 0.15438926564777702
85, 2894817, 0.1532109857503505
86, 2928426, 0.15163230663995592
87, 2962211, 0.150857572997807
88, 2995855, 0.14930125501997574
89, 3029470, 0.1477147866582571
90, 3063365, 0.14694006693562403
91, 3097019, 0.14512800224488692
92, 3130684, 0.14448523836398522
93, 3164323, 0.1427345611035855
94, 3197805, 0.1411042558653055
95, 3231441, 0.14030914621124235
96, 3265091, 0.14020139317202557
97, 3298617, 0.13871807822411744
98, 3332548, 0.1384780266506084
99, 3366150, 0.13855825884849274
100, 3399877, 0.13668227587482745
101, 3433341, 0.13736976664397002
102, 3466812, 0.13592253391379175
103, 3500295, 0.13544713223800436
104, 3534023, 0.1343160220113804
105, 3567611, 0.13507612971536828
106, 3601460, 0.13418533602123664
107, 3635424, 0.13323243590216882
108, 3669035, 0.13395453458279036
109, 3702646, 0.13441283520819153
110, 3736420, 0.1325891027910481
111, 3770103, 0.13278896628350434
112, 3803991, 0.13213048706820663
113, 3837430, 0.13176753974233216
114, 3871062, 0.13142124003412856
115, 3904724, 0.13147209891440093
116, 3938069, 0.1320344882389533
117, 3971884, 0.13073421893935497
118, 4005601, 0.1304075783249447
119, 4039138, 0.1308210822892744
120, 4072882, 0.13039226952901395
121, 4106621, 0.13055217244600945
122, 4140308, 0.12964192571329072
123, 4173807, 0.12972128815558415
124, 4207445, 0.12944792853984907
125, 4240886, 0.1297075756752501
126, 4274657, 0.12924348640614589
127, 4308220, 0.1294432673704042
128, 4341891, 0.12925042373592602
129, 4375701, 0.12880733553556886
130, 4409412, 0.129002029073036
131, 4442972, 0.12862248813093063
132, 4476643, 0.12852586956351558
133, 4510364, 0.12847165190278315
134, 4543758, 0.1280732758499029
135, 4577424, 0.1281526711597332
136, 4611091, 0.12801608982273882
137, 4645000, 0.127559300577013
138, 4678833, 0.1275901254936287
139, 4712257, 0.1277272858295088
140, 4745928, 0.12769302654435635
141, 4779496, 0.12776490948516525
142, 4813233, 0.12763159580273578
143, 4846901, 0.1269436869219656
144, 4880605, 0.12726702744905027
145, 4914319, 0.12666056916654406
146, 4947865, 0.12688250705213316
147, 4981395, 0.12705824268053517
148, 5015117, 0.12716167875543197
149, 5048674, 0.12637856174350603
0, 33501, 1.1006611576392573
1, 67231, 1.0453976672721068
2, 100861, 1.022169737256496
3, 134596, 0.997063067474252
4, 168190, 0.9482287239874858
5, 201797, 0.8647970229998351
6, 235526, 0.7718123729453554
7, 268962, 0.6935352425437945
8, 302665, 0.6306370165006285
9, 336239, 0.5816229726684653
10, 369932, 0.5441444073027697
11, 403494, 0.5146097102538706
12, 437126, 0.49033504841593595
13, 470697, 0.46964657445368113
14, 504245, 0.4502791435867323
15, 538010, 0.4355784424670217
16, 571591, 0.4203317152297172
17, 605234, 0.4066368566131196
18, 638967, 0.39349798247768775
19, 672538, 0.37967974006255306
20, 706192, 0.36917644992247794
21, 739958, 0.35884981259437365
22, 773723, 0.3491574621312389
23, 807375, 0.3398711411737237
24, 841121, 0.3299550984504634
25, 874643, 0.32165573385924073
26, 908305, 0.3137876889452433
27, 941754, 0.30641864425184384
28, 975244, 0.29914627077788825
29, 1009099, 0.2937611170064414
30, 1042876, 0.2875549864179407
31, 1076387, 0.2805876168481511
32, 1110065, 0.27445067293436204
33, 1143588, 0.27106941536926416
34, 1177351, 0.26460161272947247
35, 1211130, 0.2618358275082238
36, 1244569, 0.2571099667810085
37, 1278186, 0.2529319132036898
38, 1311740, 0.24975988792328135
39, 1345225, 0.24557756968331326
40, 1378882, 0.24275076916798705
41, 1412245, 0.23971704526947019
42, 1445873, 0.23847570413362687
43, 1479582, 0.2367573927353491
44, 1513233, 0.2338192127680883
45, 1546824, 0.23182854271302836
46, 1580466, 0.22967317893816364
47, 1614168, 0.2286114012225128
48, 1647706, 0.22587094809120942
49, 1681507, 0.22487021131781604
50, 1715106, 0.2241468890412789
51, 1748747, 0.2229730024944382
52, 1782374, 0.22082469773661423
53, 1815945, 0.2190582494959581
54, 1849621, 0.21820377986306813
55, 1883245, 0.21807551781470738
56, 1916929, 0.21553238453924387
57, 1950383, 0.21603848507020293
58, 1983926, 0.21422045912709514
59, 2017621, 0.21462032944101433
60, 2051338, 0.2130184693697941
61, 2084829, 0.2119535672934815
62, 2118430, 0.21243178852627992
63, 2151939, 0.21151443882070606
64, 2185741, 0.21089126912821782
65, 2219368, 0.20947509732982178
66, 2253137, 0.21103307576928784
67, 2286758, 0.2090813516892791
68, 2320284, 0.20835368593041
69, 2353780, 0.2091075271683109
70, 2387608, 0.2080877233310258
71, 2421314, 0.207297777602694
72, 2454985, 0.20680895890664266
73, 2488653, 0.20615241343614285
74, 2522343, 0.20640831613918204
75, 2556201, 0.2057326694435461
76, 2589996, 0.20443355234654734
77, 2623642, 0.20577092735280963
78, 2657362, 0.2045418864656353
79, 2691154, 0.2043592428455168
80, 2724829, 0.20406102196666467
81, 2758433, 0.20293884117925087
82, 2792004, 0.20408909990295973
83, 2825420, 0.20371247629677272
84, 2859006, 0.2034461026247253
85, 2892610, 0.20341705551721384
86, 2926058, 0.20234150140840365
87, 2959628, 0.20158665009838567
88, 2993112, 0.20107784281835786
89, 3026830, 0.2014870782215963
90, 3060545, 0.2016959622227684
91, 3094105, 0.20189544679076968
92, 3127640, 0.2003761955025209
93, 3161344, 0.20056222374146368
94, 3195014, 0.20077337293015995
95, 3228603, 0.2008949970138507
96, 3262333, 0.19972526112369743
97, 3295825, 0.20077886539661444
98, 3329316, 0.20025646877181316
99, 3362781, 0.19986848286705752
100, 3396289, 0.19949300258091032
101, 3429987, 0.1994686962873055
102, 3463580, 0.19920082233642697
103, 3497380, 0.19924606720943153
104, 3531204, 0.1988215033852398
105, 3564861, 0.19895393250004234
106, 3598544, 0.1990237598212039
107, 3632402, 0.1985739330916216
108, 3666052, 0.19853223483184748
109, 3699661, 0.1982506416962845
110, 3733350, 0.19791560922984652
111, 3767011, 0.19518788473141652
112, 3800774, 0.1871449396806008
113, 3834573, 0.1781804266166886
114, 3868255, 0.17043663922771046
115, 3901930, 0.16604756904725834
116, 3935526, 0.1636066850966814
117, 3969070, 0.16046462222613408
118, 4002431, 0.15692772827985163
119, 4036167, 0.15512418804962488
120, 4069642, 0.1524314396056197
121, 4103264, 0.15194193950099902
122, 4137078, 0.1501345310694766
123, 4170715, 0.14895549269319022
124, 4204472, 0.14759422158697497
125, 4238030, 0.1464354279607759
126, 4271675, 0.20216223652924478
127, 4305252, 0.1834149818603131
128, 4339117, 0.1610948654281203
129, 4372747, 0.1528233593728608
130, 4406394, 0.1490742687208815
131, 4439967, 0.14566221069014468
132, 4473611, 0.14418799796049445
133, 4507307, 0.14227163328542125
134, 4540892, 0.1421651537491333
135, 4574639, 0.1405587800281337
136, 4608404, 0.14025783982349357
137, 4642237, 0.1414345239977741
138, 4675764, 0.13949187609394512
139, 4709270, 0.13957632146418286
140, 4743101, 0.13796431101492612
141, 4776618, 0.13700018438932096
142, 4810201, 0.13637487614429272
143, 4843954, 0.13665667321981093
144, 4877476, 0.13486709887741913
145, 4911170, 0.13445383969348076
146, 4944980, 0.1341886838701305
147, 4978563, 0.13359980861800766
148, 5012250, 0.13320522386257017
149, 5045965, 0.13283798668560065
0, 33492, 1.0613482225984954
1, 67017, 1.0283330110390216
2, 100792, 1.0144932628062613
3, 134571, 1.0062510033191838
4, 168361, 1.0009855953688291
5, 202041, 0.9842017219799477
6, 235728, 0.9033951920748726
7, 269420, 0.7976308828597654
8, 303004, 0.7205727892172547
9, 336501, 0.6564025467757143
10, 370139, 0.6067864086629713
11, 403817, 0.5647220004417796
12, 437560, 0.5286365830612471
13, 471150, 0.4991290696339648
14, 504840, 0.47343030736178704
15, 538466, 0.45130312116416416
16, 572086, 0.4316668180870776
17, 605749, 0.41509939176312705
18, 639192, 0.40076379015804314
19, 672793, 0.3874859619284491
20, 706804, 0.37501189098036986
21, 740598, 0.36340872577448197
22, 774243, 0.352595670956631
23, 807998, 0.3429599760834522
24, 841478, 0.3322039053949514
25, 875043, 0.3249913374238713
26, 908696, 0.3160801582767941
27, 942307, 0.307289012695218
28, 976021, 0.3003168710788337
29, 1009752, 0.29328421847671543
30, 1043412, 0.28772063646172996
31, 1077013, 0.2799794157562259
32, 1110599, 0.2741862285254039
33, 1144352, 0.2685512168207151
34, 1177877, 0.262555025382378
35, 1211443, 0.2585852103918903
36, 1245255, 0.2540604595553911
37, 1278709, 0.25067859405069154
38, 1312251, 0.24684850700453528
39, 1345841, 0.24324031261429754
40, 1379392, 0.24048899437584959
41, 1412932, 0.23752625505159577
42, 1446845, 0.23417072564036134
43, 1480500, 0.23216308648946082
44, 1513976, 0.22961990374210894
45, 1547734, 0.22782492716194622
46, 1581367, 0.22652257549299615
47, 1614811, 0.22535246765626685
48, 1648463, 0.2242561046030861
49, 1682204, 0.22129584355530238
50, 1715975, 0.2209195003201423
51, 1749502, 0.21923815151465564
52, 1783376, 0.21746464276850108
53, 1816978, 0.21629914082213922
54, 1850340, 0.21585664830162934
55, 1883884, 0.21409979570917004
56, 1917440, 0.2145404056287016
57, 1950947, 0.21260298026009453
58, 1984693, 0.2112296985080319
59, 2018184, 0.21175240654186867
60, 2051843, 0.20950193195189945
61, 2085511, 0.20952979334649344
62, 2119165, 0.20876117288202278
63, 2152608, 0.20691867721006665
64, 2186256, 0.2080451612423684
65, 2220063, 0.20715229523396747
66, 2253786, 0.20636974087786844
67, 2287665, 0.2061062803201343
68, 2321512, 0.20493918126742391
69, 2355319, 0.20504274769452338
70, 2388983, 0.20465415259899164
71, 2422736, 0.20346703093609914
72, 2456357, 0.20307756378860523
73, 2489951, 0.20229491037784117
74, 2523836, 0.20341292592461582
75, 2557441, 0.2016818769562301
76, 2591255, 0.20160864826485989
77, 2624730, 0.20190466746537142
78, 2658318, 0.20091599932981397
79, 2691937, 0.20087702288354065
80, 2725543, 0.2006110990441276
81, 2759352, 0.20063513773153757
82, 2793058, 0.19966188103744378
83, 2826752, 0.19966108367089788
84, 2860529, 0.19887135252803348
85, 2894355, 0.199018936144973
86, 2927999, 0.19832039689507092
87, 2961816, 0.19658626756865002
88, 2995425, 0.18998712850255609
89, 3029111, 0.18365383307396463
90, 3062705, 0.1765306271853929
91, 3096272, 0.17005455945742273
92, 3129816, 0.16849833248157514
93, 3163361, 0.16400355146389398
94, 3196807, 0.1608997646913204
95, 3230315, 0.15867097858886464
96, 3263931, 0.15716370307595318
97, 3297501, 0.155311718107993
98, 3330980, 0.15305579853298104
99, 3364657, 0.15122249767987328
100, 3398455, 0.1508186248884986
101, 3432124, 0.15306375701114783
102, 3465874, 0.14932168962358797
103, 3499471, 0.1478909340235814
104, 3532873, 0.14535813585872837
105, 3566619, 0.14410120967943316
106, 3600197, 0.14294413609775533
107, 3633922, 0.14250844128455473
108, 3667403, 0.14224252400641527
109, 3701037, 0.1398990815611157
110, 3734324, 0.1398669879465997
111, 3768109, 0.13846909335806074
112, 3801615, 0.13838554436493716
113, 3835145, 0.13794703810117273
114, 3868800, 0.13604412622906273
115, 3902413, 0.13719237584589736
116, 3936082, 0.1357668817805298
117, 3969839, 0.13478739128699357
118, 4003618, 0.13342858724767423
119, 4037557, 0.13366106897294397
120, 4071018, 0.132636593158849
121, 4104398, 0.13351405586128454
122, 4137994, 0.13315628829938256
123, 4171566, 0.13256817512748276
124, 4205303, 0.13209303543884326
125, 4238977, 0.13187472261569108
126, 4272554, 0.13212013702612896
127, 4306406, 0.13158397948787817
128, 4340228, 0.1311152316218019
129, 4374050, 0.1312867062136276
130, 4407728, 0.13103169558325778
131, 4441285, 0.1302857273050743
132, 4474720, 0.12984557586456605
133, 4508209, 0.13036204527724385
134, 4541966, 0.13010316759389542
135, 4575526, 0.1297409617338597
136, 4609201, 0.1296264868568413
137, 4642989, 0.1296147823149006
138, 4676624, 0.13131920390569013
139, 4710151, 0.12899425704426612
140, 4743796, 0.12884376961900262
141, 4777394, 0.12881805875463054
142, 4810903, 0.12849396644810052
143, 4844619, 0.1286532704338654
144, 4878191, 0.12850261989691905
145, 4911688, 0.12822177159215054
146, 4945311, 0.12792326290108785
147, 4978818, 0.12803868897089332
148, 5012445, 0.12853448456488684
149, 5046397, 0.12799101432034382
0, 33757, 1.0836699233074436
1, 67506, 1.0321781965183323
2, 101131, 1.0123894428657663
3, 134707, 0.9966922063548993
4, 168500, 0.9426634415725289
5, 202101, 0.8515603007888092
6, 235782, 0.7573365679560299
7, 269223, 0.680956211621378
8, 302856, 0.621989564053688
9, 336275, 0.5714835427534081
10, 370059, 0.5273119292600212
11, 403629, 0.48877813813187926
12, 437328, 0.456891673978453
13, 470955, 0.4345266426464486
14, 504737, 0.41658378767222204
15, 538351, 0.4016898314647817
16, 572024, 0.38891121059543293
17, 605715, 0.3778918231778932
18, 639521, 0.3674137299880527
19, 673182, 0.35861834246433894
20, 706667, 0.3486220977033008
21, 740191, 0.33960231601922636
22, 773855, 0.33091181505098527
23, 807288, 0.3231040677073807
24, 840715, 0.3140708906166327
25, 874550, 0.3057791870143581
26, 908125, 0.29853039922154073
27, 941715, 0.2914082771960731
28, 975534, 0.28406370402113107
29, 1009113, 0.27565892240093726
30, 1042699, 0.26969801636482765
31, 1076387, 0.2628126289613197
32, 1110205, 0.2586530940072035
33, 1143725, 0.2543400028684902
34, 1177529, 0.249877868769176
35, 1211089, 0.24402062050728054
36, 1244790, 0.24243310685808292
37, 1278250, 0.23696107305621658
38, 1311985, 0.23480178982784813
39, 1345438, 0.23214894934823282
40, 1379041, 0.2300899012570118
41, 1412809, 0.2271665639524161
42, 1446665, 0.22619000873289644
43, 1480079, 0.2253114036079219
44, 1513803, 0.22161617637162692
45, 1547465, 0.2204011861725497
46, 1580898, 0.2186000000656153
47, 1614460, 0.217528694152584
48, 1647987, 0.21658281058894138
49, 1681300, 0.21511579447019488
50, 1714947, 0.21399312511743634
51, 1748549, 0.21371248914056112
52, 1782155, 0.21168917031297924
53, 1815928, 0.2110030461105429
54, 1849634, 0.21028116555717077
55, 1883112, 0.20980211281158068
56, 1916916, 0.20992799678858426
57, 1950675, 0.20902012637544642
58, 1984247, 0.2067533393805296
59, 2017830, 0.20718340581167488
60, 2051676, 0.2060332587698498
61, 2085307, 0.2065338868695367
62, 2119028, 0.2051279060509033
63, 2152717, 0.20494496602631468
64, 2186430, 0.2046398654233934
65, 2220039, 0.20447862418905288
66, 2253639, 0.20450365026565165
67, 2287292, 0.20368150855031517
68, 2321160, 0.20317837705256095
69, 2354704, 0.20373073925278143
70, 2388355, 0.20306898827934344
71, 2422011, 0.20223668103412845
72, 2455783, 0.2022830680704505
73, 2489333, 0.2018674922675643
74, 2522885, 0.20242639167119153
75, 2556519, 0.2013999267915765
76, 2590275, 0.2011876165527722
77, 2623900, 0.2008027274601587
78, 2657694, 0.1998333693494399
79, 2691339, 0.2002589480848787
80, 2724995, 0.2000966014368473
81, 2758621, 0.19983934266808986
82, 2792451, 0.19992511602085802
83, 2826225, 0.1997005716356776
84, 2859815, 0.19998423228109247
85, 2893526, 0.1999545525176224
86, 2927270, 0.19906634355887587
87, 2960846, 0.19921991889345989
88, 2994454, 0.19829507250719325
89, 3028188, 0.19863089517318822
90, 3061911, 0.1972302604516934
91, 3095568, 0.19423623693444705
92, 3128934, 0.19080146119469005
93, 3162631, 0.17966739942887436
94, 3196408, 0.17471532424768985
95, 3230292, 0.16927520624198863
96, 3263674, 0.16528764398799686
97, 3297177, 0.16291418756422102
98, 3330830, 0.16092804074406397
99, 3364609, 0.15902940663141132
100, 3398099, 0.15705031982944365
101, 3431851, 0.15528018324820994
102, 3465441, 0.1542640831187718
103, 3499166, 0.15238171293826594
104, 3532850, 0.15083128502093243
105, 3566274, 0.1504018490001728
106, 3599944, 0.14875969764415542
107, 3633638, 0.14835278128611207
108, 3667392, 0.14658495653461373
109, 3701134, 0.14603497960067427
110, 3734877, 0.14564546262727524
111, 3768475, 0.14277568303685026
112, 3802138, 0.14144347212299518
113, 3835716, 0.14072557088923168
114, 3869468, 0.13937596207554293
115, 3903147, 0.13845850634373022
116, 3936999, 0.13750590384836012
117, 3970523, 0.13686831709921232
118, 4004222, 0.1367675003575466
119, 4037985, 0.13674155173132377
120, 4071637, 0.1353308786494774
121, 4105218, 0.1341629437315574
122, 4138873, 0.1347781312838268
123, 4172576, 0.13415220271065428
124, 4206322, 0.1333916633373619
125, 4239970, 0.13334134763076982
126, 4273690, 0.13373306501208976
127, 4307227, 0.13256094220786527
128, 4340892, 0.13216654528101204
129, 4374565, 0.13180046632798534
130, 4408317, 0.13140552455494608
131, 4441902, 0.1312171338719366
132, 4475497, 0.13141897425212604
133, 4509273, 0.13112438002150884
134, 4543046, 0.13093269498674132
135, 4576731, 0.13021111270809457
136, 4610104, 0.13003131293917256
137, 4643922, 0.1295380297036514
138, 4677337, 0.12984516059212728
139, 4711088, 0.12963489845576437
140, 4744591, 0.1297881333675096
141, 4778186, 0.12880509831309134
142, 4811970, 0.12886504613446784
143, 4845737, 0.13004267394379174
144, 4879327, 0.12894925017419404
145, 4912919, 0.12834711284010875
146, 4946694, 0.12815003795609037
147, 4980386, 0.12833471951898406
148, 5014029, 0.12820037926977101
149, 5047614, 0.1275307180184597
0, 33600, 1.102939823889355
1, 67337, 1.0561038072594005
2, 101102, 1.0266254985827026
3, 134729, 1.002666697424127
4, 168459, 0.9714236350563009
5, 202230, 0.9295339744156025
6, 235893, 0.8718927532947196
7, 269416, 0.8035985970785295
8, 303045, 0.7246740663292791
9, 336642, 0.6521993074892216
10, 370300, 0.5948083782442303
11, 403955, 0.5525853631375457
12, 437608, 0.5172656056524124
13, 471282, 0.4879325902351462
14, 504958, 0.4625215438722379
15, 538762, 0.4411322445847558
16, 572145, 0.4250711343426083
17, 605887, 0.4071797092132729
18, 639284, 0.393755727907742
19, 673053, 0.3818044241925802
20, 706568, 0.37003625775613913
21, 740269, 0.36073477119658376
22, 773999, 0.34939183520821726
23, 807521, 0.340432602112977
24, 841187, 0.33082348960882774
25, 874750, 0.32360347755558216
26, 908450, 0.31599957185805294
27, 942004, 0.3085816884555824
28, 975790, 0.3009894636927547
29, 1009425, 0.29393231898184247
30, 1043075, 0.28941280130715785
31, 1076676, 0.2819342428378628
32, 1110214, 0.2750539180728322
33, 1143890, 0.27148030948245333
34, 1177567, 0.2651372331369255
35, 1211317, 0.2589554264718358
36, 1245046, 0.25598940817028254
37, 1278632, 0.25051786583435004
38, 1312427, 0.2459795439444125
39, 1345996, 0.24268046233374088
40, 1379447, 0.23944865263332626
41, 1413123, 0.2364728112671703
42, 1446748, 0.23450832773590133
43, 1480279, 0.23214864480898753
44, 1514081, 0.22874977771333102
45, 1547730, 0.22640338418208886
46, 1581450, 0.22405575089741653
47, 1615163, 0.22419671019244
48, 1648834, 0.22121767198456183
49, 1682468, 0.22123196299558
50, 1716114, 0.219626737094212
51, 1749731, 0.218590685147165
52, 1783316, 0.2166891647146529
53, 1816958, 0.21522337597008975
54, 1850681, 0.21574098780049347
55, 1884180, 0.2135715019008201
56, 1917848, 0.21197688016774424
57, 1951304, 0.2123414245950213
58, 1985048, 0.2111742051725787
59, 2018742, 0.2107869706300007
60, 2052435, 0.2107337439499321
61, 2086063, 0.21032976443277998
62, 2119880, 0.20781946274452226
63, 2153426, 0.2079163148301095
64, 2187097, 0.20787906587222313
65, 2220619, 0.20672120634719857
66, 2254069, 0.20705208814013334
67, 2287496, 0.20606360234627452
68, 2321113, 0.20524390146904908
69, 2354677, 0.20557445406452096
70, 2388123, 0.20518388433835358
71, 2421612, 0.20391336780438452
72, 2455350, 0.20373191696671
73, 2489027, 0.20351497717857983
74, 2522774, 0.20416990303839355
75, 2556262, 0.2037116537744935
76, 2589781, 0.20239524092116515
77, 2623361, 0.20211462491484822
78, 2657026, 0.2019338209793394
79, 2690670, 0.20209445080670896
80, 2724303, 0.20125240888746584
81, 2758052, 0.20226163946503764
82, 2791607, 0.20130947956699177
83, 2825050, 0.19978003733742183
84, 2858821, 0.20083795109606017
85, 2892554, 0.20042791268467325
86, 2926144, 0.19990546015350116
87, 2959819, 0.20000713568481301
88, 2993237, 0.19858995481735564
89, 3027106, 0.19809842231314245
90, 3060713, 0.19332334529617035
91, 3094451, 0.18780641548523289
92, 3128036, 0.18181935726722284
93, 3161660, 0.17506600387024512
94, 3195157, 0.1709229803452439
95, 3228862, 0.16759211210819475
96, 3262519, 0.16483509363066662
97, 3295975, 0.16322507238926265
98, 3329638, 0.1610919349252537
99, 3363229, 0.1601433993480295
100, 3396764, 0.15709518449606774
101, 3430316, 0.15609977443299228
102, 3463889, 0.15410178829941915
103, 3497709, 0.1519991627939997
104, 3531304, 0.1502712801808515
105, 3564986, 0.14837563565376377
106, 3598663, 0.1467647990991652
107, 3632135, 0.1467077899932576
108, 3665757, 0.14680338613005242
109, 3699306, 0.14372231101625144
110, 3732941, 0.14346867583896766
111, 3766664, 0.14127346031806526
112, 3800091, 0.14084876219878587
113, 3833856, 0.13979566524679668
114, 3867462, 0.13898970282390774
115, 3900978, 0.1389447610458806
116, 3934674, 0.13834562273174414
117, 3968387, 0.1365461116946239
118, 4002163, 0.13661456088962512
119, 4035690, 0.13640773696083627
120, 4069454, 0.13609361217160354
121, 4102931, 0.13544138369293224
122, 4136519, 0.13516747638464144
123, 4170195, 0.13444370463766248
124, 4204109, 0.13403400163716336
125, 4237626, 0.13369078506833343
126, 4271559, 0.1337285088453319
127, 4305111, 0.13340514678107743
128, 4338717, 0.13349292102060176
129, 4372533, 0.13260108474250307
130, 4406268, 0.13198368548301095
131, 4439904, 0.13201899036153494
132, 4473631, 0.13215755726705292
133, 4507498, 0.13120400906728089
134, 4541097, 0.1314325291676688
135, 4574785, 0.13131556357010718
136, 4608320, 0.13076481567726106
137, 4642091, 0.13059136908306834
138, 4675922, 0.13152104865458528
139, 4709546, 0.1302960672629577
140, 4743251, 0.13014775963389313
141, 4776801, 0.1298955414706574
142, 4810621, 0.12938514257310033
143, 4844262, 0.12967729591128993
144, 4877783, 0.12903546152748027
145, 4911255, 0.12901160720855712
146, 4945050, 0.12907060704608753
147, 4978733, 0.1293185849216882
148, 5012274, 0.128785859177523
149, 5045757, 0.12867039820658346
0, 33667, 1.0773790002484507
1, 67168, 1.0354064176463742
2, 100821, 1.0139351044179674
3, 134405, 1.0074625017372045
4, 168097, 1.0035690557554817
5, 201781, 1.0008188819883574
6, 235602, 0.9817325598570091
7, 269454, 0.9138868718105828
8, 302935, 0.8150792830697483
9, 336498, 0.7070469686969056
10, 370404, 0.6256242134815448
11, 404139, 0.5688399237963392
12, 437672, 0.5239099054833731
13, 471148, 0.4926843987103028
14, 504577, 0.4677260583498908
15, 538170, 0.4466119596846851
16, 571622, 0.429206260510544
17, 605302, 0.4144814980809085
18, 638842, 0.4006833991518965
19, 672370, 0.38735436093304254
20, 706160, 0.3754047014408534
21, 739873, 0.3620444487387496
22, 773427, 0.3528078098007723
23, 806926, 0.3421503742996592
24, 840656, 0.33037660585928474
25, 874243, 0.321342646812962
26, 907725, 0.3125065408470051
27, 941347, 0.3042745656008143
28, 974900, 0.2966241231242145
29, 1008555, 0.2889483629234605
30, 1042233, 0.2830560786427066
31, 1076039, 0.2771540613358765
32, 1109604, 0.2697356815079071
33, 1143195, 0.26440961714143585
34, 1176788, 0.2590509213132239
35, 1210462, 0.25403834628082334
36, 1244210, 0.24994346418406443
37, 1277929, 0.24625711130058642
38, 1311618, 0.24171407346437515
39, 1345194, 0.23856199454382646
40, 1378789, 0.23608989487960844
41, 1412312, 0.23268324340915955
42, 1446084, 0.2304787677588693
43, 1479645, 0.2285733838006851
44, 1513254, 0.2260756082469309
45, 1546810, 0.22275660404175687
46, 1580366, 0.2215525499168252
47, 1613678, 0.2218648745727987
48, 1647295, 0.2188144381704507
49, 1680806, 0.21756323600150476
50, 1714503, 0.21658206919064427
51, 1748331, 0.21604417925122585
52, 1781876, 0.21531341275345284
53, 1815462, 0.2127370350415832
54, 1848975, 0.21205025171194203
55, 1882541, 0.21132645119732058
56, 1916257, 0.2099575358291457
57, 1949870, 0.20991407902849082
58, 1983480, 0.20813370555246336
59, 2017144, 0.20842807655599022
60, 2050862, 0.20738417023206232
61, 2084732, 0.20759933610328285
62, 2118322, 0.20629457350779315
63, 2151864, 0.2055496666820219
64, 2185168, 0.20497590521442807
65, 2218707, 0.204924376245397
66, 2252172, 0.2034046428854295
67, 2285966, 0.20379939992645357
68, 2319586, 0.20282760771215408
69, 2353211, 0.20272624643346993
70, 2386766, 0.2024208912576505
71, 2420226, 0.20214021952019862
72, 2453838, 0.2011017365732941
73, 2487703, 0.20129398680200436
74, 2521263, 0.20078829468703563
75, 2554823, 0.19947852409501768
76, 2588362, 0.19917815242679945
77, 2621994, 0.19902234550763895
78, 2655704, 0.1974381172905876
79, 2689484, 0.19377668601416892
80, 2723305, 0.18718585347116604
81, 2756980, 0.1808640353463914
82, 2790625, 0.17710824837856232
83, 2824090, 0.17108897284195482
84, 2857770, 0.167168547919737
85, 2891512, 0.16494516141432625
86, 2925070, 0.16157569369209945
87, 2958508, 0.15931456907327862
88, 2992171, 0.15763467947968082
89, 3025934, 0.15579160338487277
90, 3059373, 0.1533165608712212
91, 3093257, 0.1515955457367574
92, 3126653, 0.1501226451265037
93, 3160143, 0.14863825310680492
94, 3193767, 0.14672254760051961
95, 3227602, 0.14590692692556442
96, 3261263, 0.14427593034879851
97, 3294873, 0.14365845321737694
98, 3328465, 0.14272228269816248
99, 3362148, 0.14138508413861525
100, 3395527, 0.13929545128816623
101, 3429069, 0.13946197388309114
102, 3462567, 0.13795632304105684
103, 3496335, 0.13720890875807285
104, 3529918, 0.1356355795290525
105, 3563618, 0.13621709772129484
106, 3597349, 0.13479504023843936
107, 3630997, 0.13497852307035071
108, 3664513, 0.1342835883445992
109, 3698082, 0.13336604251883302
110, 3731642, 0.1335110840983417
111, 3765047, 0.13264465600856637
112, 3798708, 0.1322016345641283
113, 3832348, 0.13178874002101576
114, 3865893, 0.13098189968619312
115, 3899536, 0.1312080248074489
116, 3933090, 0.13092863845945232
117, 3966429, 0.13076123646795504
118, 3999895, 0.13024330272668203
119, 4033585, 0.13073637970498617
120, 4067082, 0.12935724037894916
121, 4100869, 0.12996182971146308
122, 4134553, 0.1292024574694708
123, 4168318, 0.12912844305406115
124, 4201944, 0.1289593177618525
125, 4235624, 0.12861718636718975
126, 4269230, 0.12899228696397275
127, 4302906, 0.1282059090305286
128, 4336671, 0.12858517273063952
129, 4370196, 0.12790639385488684
130, 4403968, 0.127834806437033
131, 4437639, 0.12811580870564643
132, 4471290, 0.12745215844344396
133, 4504943, 0.12767709935096272
134, 4538420, 0.1276228130591059
135, 4572160, 0.1275727065082636
136, 4606058, 0.1276498635950659
137, 4639804, 0.12708048379971776
138, 4673644, 0.12688962958699
139, 4707182, 0.12732247097231922
140, 4740667, 0.12650986767808348
141, 4774190, 0.12613665522987916
142, 4807788, 0.12625032265929229
143, 4841633, 0.12683749382545276
144, 4875222, 0.12606069182025373
145, 4908866, 0.1263788612567811
146, 4942537, 0.1259542893376275
147, 4976019, 0.12814124271389157
148, 5009465, 0.126089140544692
149, 5042827, 0.12605695495238312
0, 33473, 1.0882116660996888
1, 66996, 1.0398911141623859
2, 100571, 1.0157250224181216
3, 133946, 1.0077652535551056
4, 167490, 0.9970979721692239
5, 201184, 0.9589058679752014
6, 235000, 0.8920737962860074
7, 268422, 0.7970398922228649
8, 302030, 0.6931294840460832
9, 335642, 0.6135498415032783
10, 369230, 0.5551894034796626
11, 402666, 0.512217676762869
12, 436447, 0.48084632613873796
13, 470069, 0.45753201630906687
14, 503693, 0.43809927781778374
15, 537596, 0.42180164481005794
16, 571196, 0.40685995647897344
17, 604731, 0.39345923634677227
18, 638285, 0.38292344713620535
19, 671931, 0.3722683556853939
20, 705503, 0.36219029295803534
21, 739336, 0.3518202655719583
22, 772981, 0.3417777143026122
23, 806546, 0.33364433799763465
24, 840115, 0.32471857611728905
25, 873596, 0.31545422884544305
26, 907321, 0.3092792446479784
27, 941012, 0.30129029682284336
28, 974745, 0.2942066457041301
29, 1008484, 0.28746393756624494
30, 1042063, 0.279531764513847
31, 1075777, 0.2759218845112551
32, 1109420, 0.2678071903619695
33, 1142857, 0.264167012348187
34, 1176352, 0.25889317013795154
35, 1210032, 0.2526645337249889
36, 1243669, 0.2495902086724708
37, 1277210, 0.2452694116721888
38, 1311101, 0.24089978007769236
39, 1344647, 0.2392589036784527
40, 1378278, 0.23546642107448493
41, 1411882, 0.2341625653998129
42, 1445478, 0.23126518233499405
43, 1478967, 0.23035162052358688
44, 1512339, 0.22590221321388257
45, 1546042, 0.2232655857212307
46, 1579828, 0.22230698002331364
47, 1613218, 0.2208685937713021
48, 1646768, 0.2197440749126058
49, 1680367, 0.21918039898143632
50, 1713933, 0.21653756004371383
51, 1747585, 0.21705131537433284
52, 1781170, 0.2148351925280178
53, 1814806, 0.21694796193259286
54, 1848410, 0.21385237901607032
55, 1882035, 0.2123500040892123
56, 1915599, 0.2111180743971683
57, 1949178, 0.2109929673878026
58, 1982974, 0.20942782427862036
59, 2016760, 0.209398403446847
60, 2050581, 0.20834515716684043
61, 2084189, 0.20827709219642287
62, 2117774, 0.20682796778863405
63, 2151290, 0.20701445142103872
64, 2184907, 0.2064684847031281
65, 2218646, 0.20577539794404212
66, 2252285, 0.20526341031890927
67, 2285809, 0.2041747658481843
68, 2319501, 0.2042269682092932
69, 2352878, 0.20477162576978325
70, 2386589, 0.20393575340744735
71, 2420184, 0.2029127166803836
72, 2453788, 0.2028361301439868
73, 2487321, 0.20257692440275174
74, 2521111, 0.20281219105988632
75, 2554916, 0.20218447800325084
76, 2588352, 0.20160089163586123
77, 2622138, 0.20134430863503316
78, 2655797, 0.20066465107415316
79, 2689563, 0.20105647558910864
80, 2723136, 0.20032594103745435
81, 2756868, 0.19974343578400788
82, 2790479, 0.19622385052678668
83, 2824271, 0.18908854843821532
84, 2857785, 0.18177060758957633
85, 2891584, 0.1769296432365862
86, 2925204, 0.17267711844496705
87, 2958734, 0.16920564745317393
88, 2992365, 0.1679758441280312
89, 3025922, 0.16361517027036984
90, 3059438, 0.16071300903628358
91, 3093049, 0.15797057867850864
92, 3126672, 0.15804669605311594
93, 3160255, 0.1558376314701445
94, 3194002, 0.154516602221668
95, 3227580, 0.1532886806975295
96, 3261069, 0.15111008978528084
97, 3294686, 0.15098351726764708
98, 3328135, 0.1567960338319454
99, 3361789, 0.14956442013072008
100, 3395389, 0.14820714587956935
101, 3429191, 0.14755082246276172
102, 3462710, 0.14628201341033695
103, 3496406, 0.14483012331477207
104, 3530143, 0.14492747556685306
105, 3563739, 0.14363704134992494
106, 3597329, 0.1424520125771546
107, 3631148, 0.1409228092893914
108, 3664821, 0.14093140552610423
109, 3698359, 0.1398525815492954
110, 3731852, 0.13942167257430452
111, 3765772, 0.1382706083449818
112, 3799317, 0.13738267528127718
113, 3832827, 0.13708384792949527
114, 3866468, 0.13540877962902095
115, 3900102, 0.13547944927796418
116, 3933823, 0.13459343611417834
117, 3967405, 0.13467675173085275
118, 4001133, 0.13322122459519312
119, 4034711, 0.13311600469151788
120, 4068276, 0.13227003569294993
121, 4101995, 0.1321348873168192
122, 4135472, 0.1318586499372894
123, 4169159, 0.13164210261964915
124, 4202838, 0.13121441384017915
125, 4236433, 0.13074696963919313
126, 4270193, 0.1310019203187934
127, 4303925, 0.1307113111428977
128, 4337371, 0.1296482284657918
129, 4371121, 0.130334646186244
130, 4404663, 0.1298755399004122
131, 4438081, 0.12911972840175429
132, 4471635, 0.129652897856292
133, 4505361, 0.1290812974088779
134, 4539082, 0.12852363670830508
135, 4572585, 0.12847991260863825
136, 4606271, 0.12902305442930267
137, 4639961, 0.12839988471941968
138, 4673697, 0.12886066707480312
139, 4707369, 0.12825963946250724
140, 4740905, 0.1279597543593778
141, 4774303, 0.12755772555773498
142, 4807839, 0.12740087857436933
143, 4841392, 0.12784936028648208
144, 4875039, 0.12781911075945523
145, 4908811, 0.12775677330903498
146, 4942483, 0.12807676993752745
147, 4976200, 0.1276172903919396
148, 5009918, 0.1273265700223251
149, 5043528, 0.12707947741283548
0, 33506, 1.068159201757329
1, 66811, 1.0319820081989903
2, 100573, 1.0156793289220165
3, 134422, 1.0076778926082435
4, 168101, 0.9995031651733779
5, 201742, 0.96695798448338
6, 235242, 0.9035087046248446
7, 269067, 0.8014148933537976
8, 302773, 0.7026396964386753
9, 336371, 0.6304803131724541
10, 370179, 0.5729168184953723
11, 403568, 0.5328159001235283
12, 437387, 0.5033600306018108
13, 471038, 0.47885343055776114
14, 504594, 0.4564013088609904
15, 538119, 0.4384759939104165
16, 571658, 0.42120364561414786
17, 605031, 0.4050189975616483
18, 638885, 0.39223720946267804
19, 672685, 0.37989377344757624
20, 706323, 0.36900178938785044
21, 740073, 0.3572102747282457
22, 773625, 0.3459624253378095
23, 807357, 0.3373006692163088
24, 841055, 0.3260945429606155
25, 874796, 0.31725277201000934
26, 908466, 0.3099516436268031
27, 942118, 0.29967004446816436
28, 975645, 0.29241184378282825
29, 1009311, 0.2846684708273943
30, 1043007, 0.28007220857873644
31, 1076614, 0.272487590042089
32, 1110275, 0.2658013326396942
33, 1143793, 0.26228769592950885
34, 1177401, 0.25711596410057436
35, 1210993, 0.25256256268584887
36, 1244642, 0.2496182118652734
37, 1278221, 0.24526234051386403
38, 1311710, 0.24218685711455867
39, 1345256, 0.2379275771388644
40, 1378939, 0.2354251565160742
41, 1412531, 0.2320821346142972
42, 1446243, 0.2309399014804772
43, 1479932, 0.22884626926708193
44, 1513593, 0.22549665218800174
45, 1547116, 0.22496672948836008
46, 1580947, 0.2217433435398823
47, 1614619, 0.22091089536747316
48, 1648101, 0.21938500511218853
49, 1681892, 0.21821062071390704
50, 1715784, 0.21617972091102777
51, 1749378, 0.21632715781858444
52, 1783016, 0.2148842422616553
53, 1816659, 0.21528875558786814
54, 1850337, 0.2129871462789185
55, 1883994, 0.2116332649366716
56, 1917610, 0.21030789967306524
57, 1951354, 0.210007134114393
58, 1985107, 0.2098483122836187
59, 2018902, 0.2093428012767317
60, 2052634, 0.20870092521909522
61, 2086259, 0.2073806430993579
62, 2119828, 0.2062840181690858
63, 2153400, 0.20626357038495188
64, 2187144, 0.20620994268826953
65, 2220701, 0.20536409459297636
66, 2254467, 0.2052174769742081
67, 2288082, 0.20435717755871197
68, 2321663, 0.2039337967771743
69, 2355246, 0.20359900118072527
70, 2388878, 0.20320347252827245
71, 2422521, 0.20324897609201997
72, 2456148, 0.20215245343895977
73, 2489560, 0.2013702276225949
74, 2523214, 0.2017770360065307
75, 2556672, 0.2013846031828352
76, 2590322, 0.20071082925921904
77, 2623928, 0.20102693165413146
78, 2657660, 0.20054218011916666
79, 2691286, 0.2008095284644789
80, 2724909, 0.19935219825128805
81, 2758337, 0.1996871197218099
82, 2791787, 0.19869620997578574
83, 2825204, 0.19766213206621622
84, 2858898, 0.19341937740691892
85, 2892565, 0.18554661902439448
86, 2926186, 0.18021237741824261
87, 2959830, 0.17511394064590607
88, 2993630, 0.17140349968622923
89, 3027254, 0.16809329758032632
90, 3060945, 0.16553038490573513
91, 3094600, 0.16356562581287568
92, 3128051, 0.16131013798635804
93, 3161596, 0.160324100518212
94, 3195173, 0.1574111719913776
95, 3228911, 0.15583842112045557
96, 3262572, 0.15312884029767096
97, 3296285, 0.15159144394671314
98, 3329897, 0.14982193081683248
99, 3363505, 0.1476418997829135
100, 3396991, 0.14640856637626568
101, 3430668, 0.144753290289016
102, 3464347, 0.14327771867021127
103, 3498175, 0.1427015497235
104, 3531816, 0.14153536164904282
105, 3565037, 0.14007095506221012
106, 3598564, 0.13933673583973052
107, 3632176, 0.13891476028294958
108, 3665676, 0.13690150881856333
109, 3699180, 0.13648780325163196
110, 3732819, 0.13590690555398685
111, 3766453, 0.13614668944562675
112, 3800108, 0.13506330215105827
113, 3833741, 0.13550500094690293
114, 3867507, 0.13397231977246551
115, 3901150, 0.13354390980835457
116, 3934790, 0.1330682285140012
117, 3968400, 0.1331200890222781
118, 4002014, 0.13272244997245433
119, 4035538, 0.1329006364488439
120, 4069138, 0.13267028611649215
121, 4102806, 0.1312478500653866
122, 4136086, 0.13178407105168805
123, 4169691, 0.13203848143830424
124, 4203278, 0.13102724444230052
125, 4236791, 0.13060593493788475
126, 4270449, 0.13135691777517633
127, 4304008, 0.12996006702446683
128, 4337719, 0.13068826607820097
129, 4371339, 0.12929541112187592
130, 4405026, 0.13049643376430103
131, 4438678, 0.12929926527099386
132, 4472425, 0.1292033042667793
133, 4506044, 0.12936630938608445
134, 4539665, 0.12989933901005826
135, 4573257, 0.1287494392176163
136, 4606896, 0.12889231139308416
137, 4640656, 0.1283934302079514
138, 4674244, 0.12887174724296388
139, 4707771, 0.12879692248475139
140, 4741307, 0.1282965075261744
141, 4774904, 0.12789795083782798
142, 4808642, 0.1275307101297899
143, 4842183, 0.1281211276772796
144, 4875717, 0.1279686837326115
145, 4909308, 0.12744268602889194
146, 4942872, 0.12749602845209076
147, 4976470, 0.12726039284966686
148, 5010039, 0.1274410616230001
149, 5043759, 0.1271531872324687
0, 33722, 1.0639086812028464
1, 67254, 1.0338766415974145
2, 100834, 1.0177780216277545
3, 134505, 1.010167986937447
4, 168165, 1.0047148252945848
5, 201847, 0.9870281712560058
6, 235487, 0.9170223530998234
7, 269206, 0.8181917646725321
8, 302854, 0.7203059928341822
9, 336206, 0.6424052145827337
10, 369779, 0.5861835434044986
11, 403252, 0.543987994531572
12, 436732, 0.5105979256799325
13, 470344, 0.48265201674178665
14, 504077, 0.4595522182784721
15, 537695, 0.4377464427027453
16, 571356, 0.42299010619040045
17, 605099, 0.40797329877928307
18, 638807, 0.3962131453967785
19, 672483, 0.3831462516844755
20, 706128, 0.3727580514269302
21, 739749, 0.3614748949080535
22, 773307, 0.3504360745833408
23, 806903, 0.34080949300726177
24, 840766, 0.33173975734825223
25, 874396, 0.32248500025310417
26, 908076, 0.31533100923212204
27, 941727, 0.3071050507699222
28, 975461, 0.2984380890371951
29, 1009137, 0.2907472988186836
30, 1042882, 0.2848206658518861
31, 1076490, 0.2773964919951948
32, 1110056, 0.2708036012653187
33, 1144065, 0.26594226845191044
34, 1177791, 0.2612746098111045
35, 1211306, 0.25495822975600146
36, 1245160, 0.2507009286599191
37, 1278882, 0.2462772739416921
38, 1312528, 0.2421990037453335
39, 1346217, 0.23850539957793318
40, 1379878, 0.23502472662877638
41, 1413514, 0.2314771097875131
42, 1447142, 0.2286864103248252
43, 1480667, 0.23145880691596024
44, 1514415, 0.22556075113264692
45, 1547981, 0.22325404759794917
46, 1581564, 0.2211285845356415
47, 1615064, 0.21893230718276324
48, 1648499, 0.21657054059078965
49, 1682044, 0.21503872221156786
50, 1715912, 0.21468781905486692
51, 1749502, 0.21268531223214135
52, 1783055, 0.21202845836339085
53, 1816818, 0.2114296541715277
54, 1850484, 0.21052064478170723
55, 1883932, 0.20908429066225503
56, 1917647, 0.20856959866234628
57, 1951663, 0.20791530702616434
58, 1985267, 0.2061307047231069
59, 2018872, 0.2069587070959635
60, 2052445, 0.20573982295723275
61, 2085954, 0.20500682153622546
62, 2119635, 0.2044630833296151
63, 2153417, 0.2036008587947632
64, 2186993, 0.2034801328764517
65, 2220606, 0.20283013678009643
66, 2254148, 0.2031152519482813
67, 2287913, 0.20561297859163596
68, 2321505, 0.20234935810476787
69, 2355109, 0.2007662276045047
70, 2388894, 0.20159127088859524
71, 2422369, 0.20025281085395966
72, 2456037, 0.20091476702981076
73, 2489515, 0.19952630271893718
74, 2523196, 0.19995169304326194
75, 2556903, 0.19984657952959312
76, 2590748, 0.19943754850290552
77, 2624449, 0.19912448147171297
78, 2658157, 0.19966870607602485
79, 2691822, 0.1983895992385721
80, 2725529, 0.19866165906446953
81, 2759170, 0.1981425162693632
82, 2792921, 0.1974809181084131
83, 2826665, 0.1978307036558957
84, 2860278, 0.19755582359178925
85, 2893887, 0.197887899421407
86, 2927517, 0.19728404705697308
87, 2961171, 0.1966676595759604
88, 2994767, 0.1954353687422362
89, 3028628, 0.18841657180952268
90, 3062165, 0.17932777175596834
91, 3095536, 0.16994975994987196
92, 3128954, 0.16567924703576747
93, 3162823, 0.16154573019871277
94, 3196294, 0.1585363949528688
95, 3229886, 0.1562988334166139
96, 3263697, 0.1539218351957243
97, 3297466, 0.15152540043774648
98, 3331007, 0.15002829630008466
99, 3364820, 0.1489568406677248
100, 3398731, 0.14726798592384055
101, 3432182, 0.146848604860831
102, 3465810, 0.14510434279193682
103, 3499281, 0.14325805838799527
104, 3532918, 0.1415680397149404
105, 3566442, 0.1405834208120011
106, 3600227, 0.13946269610021136
107, 3633910, 0.137936089109074
108, 3667403, 0.1373067939957157
109, 3700918, 0.13632763181194563
110, 3734492, 0.1368036601741113
111, 3768196, 0.13586544101604323
112, 3801871, 0.13501370094177229
113, 3835495, 0.1360733573111277
114, 3869281, 0.1342511321232636
115, 3902878, 0.13374542446603285
116, 3936375, 0.13324388116559907
117, 3970113, 0.13262628287782782
118, 4003746, 0.13724703250283796
119, 4037301, 0.13219469598309966
120, 4070918, 0.13221841400821757
121, 4104539, 0.13158235186557143
122, 4138093, 0.13166806181706692
123, 4171706, 0.13115730119715843
124, 4205281, 0.1309180813476676
125, 4238826, 0.13074553757186058
126, 4272381, 0.13039949916438084
127, 4306036, 0.13027093770386303
128, 4339723, 0.1297569247728043
129, 4373429, 0.12966984069584997
130, 4406899, 0.12978941377429046
131, 4440439, 0.1289525295339003
132, 4473909, 0.12925533997655722
133, 4507463, 0.12907947477167434
134, 4541124, 0.12885764099386485
135, 4574842, 0.1280769271441874
136, 4608411, 0.12871519145709356
137, 4642038, 0.1278796500642036
138, 4675779, 0.1281779809594402
139, 4709408, 0.12805114050896238
140, 4743046, 0.12743747372772854
141, 4776664, 0.12747464241123502
142, 4810238, 0.12680613326241236
143, 4843912, 0.12735843361870858
144, 4877447, 0.12671648152002216
145, 4910887, 0.12647579078687984
146, 4944431, 0.12709963961213142
147, 4978081, 0.12711267700505943
148, 5011843, 0.12695304707359237
149, 5045241, 0.126646569608161
0, 33601, 1.09019205349204
1, 67353, 1.0404359786029205
2, 100942, 1.0199578579134971
3, 134545, 1.0085823851967493
4, 168146, 0.99010882716912
5, 201728, 0.9295118487260355
6, 235321, 0.8527314304365418
7, 268997, 0.7735740090400489
8, 302614, 0.6892090214038465
9, 336187, 0.6139654093612725
10, 369774, 0.5595300188593773
11, 403534, 0.5187378597168663
12, 437142, 0.4853083104624412
13, 470994, 0.4621099087323423
14, 504719, 0.44002296468365665
15, 538331, 0.4233141668620114
16, 572138, 0.4080643531636236
17, 605879, 0.39137121023293275
18, 639665, 0.3799461831568083
19, 673174, 0.3669079387123437
20, 706826, 0.35820540307377025
21, 740556, 0.34603294172564847
22, 774095, 0.33657843380132796
23, 807646, 0.32862378411217863
24, 841083, 0.3189663423133708
25, 874739, 0.31053905991286596
26, 908653, 0.3051827937937037
27, 942307, 0.2965467908429568
28, 976029, 0.28968995219732424
29, 1009908, 0.28217760375619894
30, 1043501, 0.2756692893713679
31, 1077052, 0.26994257509052977
32, 1110563, 0.26294673971086796
33, 1144276, 0.2592000403272561
34, 1178012, 0.25439847275963684
35, 1211362, 0.2498196066043087
36, 1244994, 0.2466104684349173
37, 1278401, 0.24173236151115554
38, 1312058, 0.23756329272231888
39, 1345753, 0.23561975470257193
40, 1379396, 0.23236793460990932
41, 1413158, 0.2296126061205291
42, 1446665, 0.22712668775409434
43, 1480279, 0.22501622650920627
44, 1514078, 0.22281357052318285
45, 1547828, 0.2210641238836881
46, 1581505, 0.2197448106127859
47, 1615132, 0.21736200458506866
48, 1648824, 0.216527721054713
49, 1682369, 0.21425546469585705
50, 1715937, 0.2130253175363498
51, 1749575, 0.21269200903023636
52, 1783336, 0.21125230897113945
53, 1816983, 0.2101556202451982
54, 1850859, 0.20956972662668455
55, 1884630, 0.20933592753787938
56, 1918256, 0.20786946040433063
57, 1951893, 0.2071109997407928
58, 1985573, 0.20657243939496533
59, 2019196, 0.2056910635314827
60, 2052660, 0.20503530429612354
61, 2086029, 0.20505065563880095
62, 2119502, 0.20377022469180978
63, 2153022, 0.20367611364258653
64, 2186589, 0.2028482528456037
65, 2220215, 0.20349781665996536
66, 2253891, 0.20314565810382204
67, 2287604, 0.2022988542059707
68, 2321126, 0.20168232104839243
69, 2354876, 0.20146306407975303
70, 2388458, 0.20190656543624755
71, 2422213, 0.20070528496398612
72, 2455819, 0.20021820785327296
73, 2489475, 0.19986618722628713
74, 2523118, 0.20090863787918453
75, 2556650, 0.19963089992946378
76, 2590249, 0.19952985240475274
77, 2624068, 0.19989127204416282
78, 2657728, 0.19865006788950398
79, 2691280, 0.1991027778420136
80, 2724994, 0.19882051760115424
81, 2758800, 0.19867174129731255
82, 2792509, 0.19833651417241147
83, 2826098, 0.19822290656402292
84, 2859671, 0.197508348869452
85, 2893206, 0.19742861423166894
86, 2926823, 0.19776908755134195
87, 2960529, 0.1965874095743516
88, 2994089, 0.19320987340058327
89, 3027668, 0.1838761932634305
90, 3061417, 0.17584769125223015
91, 3095060, 0.16912491535502558
92, 3128523, 0.16540676783122904
93, 3162268, 0.16163868053334307
94, 3195932, 0.16028910765105203
95, 3229739, 0.15710202436942242
96, 3263365, 0.15516066938765014
97, 3297036, 0.1550371488483227
98, 3330587, 0.1537808843208777
99, 3364418, 0.15203625758542405
100, 3397789, 0.15187720271516184
101, 3431689, 0.1501448171570032
102, 3465430, 0.14966754217459685
103, 3498933, 0.14865950797247748
104, 3532650, 0.14848052043471688
105, 3566293, 0.14692377936181902
106, 3600120, 0.14742018080735902
107, 3633739, 0.14553420891873256
108, 3667163, 0.14467214919789093
109, 3700729, 0.14268555084024387
110, 3734451, 0.143234618627579
111, 3767998, 0.14107617447617044
112, 3801600, 0.14046763065013712
113, 3835478, 0.13949424260347584
114, 3869287, 0.13820988452086788
115, 3903117, 0.13819591390637373
116, 3936792, 0.13717522673111543
117, 3970384, 0.13559348936312587
118, 4004024, 0.13523127167388388
119, 4037624, 0.1343430318725193
120, 4071171, 0.1338632071524173
121, 4104821, 0.1333292121163816
122, 4138699, 0.13299540911348626
123, 4172312, 0.1342329075962336
124, 4205983, 0.13267473141186126
125, 4239581, 0.13318476643602528
126, 4273086, 0.13129310521196805
127, 4306618, 0.13202186232191104
128, 4340251, 0.13136199157704492
129, 4373825, 0.13009865912765062
130, 4407585, 0.13032905923799723
131, 4441365, 0.1305272160501374
132, 4474982, 0.13018034180239835
133, 4508657, 0.1300759540878373
134, 4542238, 0.12922413426077276
135, 4575846, 0.1289251289747283
136, 4609500, 0.1298953544862584
137, 4643034, 0.12846527780700387
138, 4676814, 0.1293528818879328
139, 4710636, 0.12867185865716466
140, 4744282, 0.12813911023264563
141, 4777946, 0.12869588041166533
142, 4811390, 0.12845592569004616
143, 4845009, 0.1281661650047696
144, 4878562, 0.12803330998377163
145, 4912119, 0.12729269280216163
146, 4945837, 0.12751789553761753
147, 4979538, 0.12739785521925
148, 5013133, 0.1272932866502472
149, 5046851, 0.12754595771018584
